
data;

param n := 64;

param : E : c :=
0 1 2.00
0 2 2.00
0 3 2.00
0 4 2.00
0 5 30.00
0 6 30.00
0 7 30.00
0 8 2.00
0 9 30.00
0 10 30.00
0 11 30.00
0 12 2.00
0 13 30.00
0 14 30.00
0 15 30.00
0 16 2.00
0 17 30.00
0 18 30.00
0 19 30.00
0 20 30.00
0 21 30.00
0 22 30.00
0 23 30.00
0 24 30.00
0 25 30.00
0 26 30.00
0 27 30.00
0 28 30.00
0 29 30.00
0 30 30.00
0 31 30.00
0 32 2.00
0 33 30.00
0 34 30.00
0 35 30.00
0 36 30.00
0 37 30.00
0 38 30.00
0 39 30.00
0 40 30.00
0 41 30.00
0 42 30.00
0 43 30.00
0 44 30.00
0 45 30.00
0 46 30.00
0 47 30.00
0 48 2.00
0 49 30.00
0 50 30.00
0 51 30.00
0 52 30.00
0 53 30.00
0 54 30.00
0 55 30.00
0 56 30.00
0 57 30.00
0 58 30.00
0 59 30.00
0 60 30.00
0 61 30.00
0 62 30.00
0 63 30.00
1 0 2.00
1 2 1.00
1 3 1.00
1 4 30.00
1 5 1.00
1 6 30.00
1 7 30.00
1 8 30.00
1 9 1.00
1 10 30.00
1 11 30.00
1 12 30.00
1 13 1.00
1 14 30.00
1 15 30.00
1 16 30.00
1 17 1.00
1 18 30.00
1 19 30.00
1 20 30.00
1 21 30.00
1 22 30.00
1 23 30.00
1 24 30.00
1 25 30.00
1 26 30.00
1 27 30.00
1 28 30.00
1 29 30.00
1 30 30.00
1 31 30.00
1 32 30.00
1 33 1.00
1 34 30.00
1 35 30.00
1 36 30.00
1 37 30.00
1 38 30.00
1 39 30.00
1 40 30.00
1 41 30.00
1 42 30.00
1 43 30.00
1 44 30.00
1 45 30.00
1 46 30.00
1 47 30.00
1 48 30.00
1 49 1.00
1 50 30.00
1 51 30.00
1 52 30.00
1 53 30.00
1 54 30.00
1 55 30.00
1 56 30.00
1 57 30.00
1 58 30.00
1 59 30.00
1 60 30.00
1 61 30.00
1 62 30.00
1 63 30.00
2 0 2.00
2 1 1.00
2 3 1.00
2 4 30.00
2 5 30.00
2 6 1.00
2 7 30.00
2 8 30.00
2 9 30.00
2 10 1.00
2 11 30.00
2 12 30.00
2 13 30.00
2 14 1.00
2 15 30.00
2 16 30.00
2 17 30.00
2 18 1.00
2 19 30.00
2 20 30.00
2 21 30.00
2 22 30.00
2 23 30.00
2 24 30.00
2 25 30.00
2 26 30.00
2 27 30.00
2 28 30.00
2 29 30.00
2 30 30.00
2 31 30.00
2 32 30.00
2 33 30.00
2 34 1.00
2 35 30.00
2 36 30.00
2 37 30.00
2 38 30.00
2 39 30.00
2 40 30.00
2 41 30.00
2 42 30.00
2 43 30.00
2 44 30.00
2 45 30.00
2 46 30.00
2 47 30.00
2 48 30.00
2 49 30.00
2 50 1.00
2 51 30.00
2 52 30.00
2 53 30.00
2 54 30.00
2 55 30.00
2 56 30.00
2 57 30.00
2 58 30.00
2 59 30.00
2 60 30.00
2 61 30.00
2 62 30.00
2 63 30.00
3 0 2.00
3 1 1.00
3 2 1.00
3 4 30.00
3 5 30.00
3 6 30.00
3 7 1.00
3 8 30.00
3 9 30.00
3 10 30.00
3 11 1.00
3 12 30.00
3 13 30.00
3 14 30.00
3 15 2.00
3 16 30.00
3 17 30.00
3 18 30.00
3 19 2.00
3 20 30.00
3 21 30.00
3 22 30.00
3 23 30.00
3 24 30.00
3 25 30.00
3 26 30.00
3 27 30.00
3 28 30.00
3 29 30.00
3 30 30.00
3 31 30.00
3 32 30.00
3 33 30.00
3 34 30.00
3 35 1.00
3 36 30.00
3 37 30.00
3 38 30.00
3 39 30.00
3 40 30.00
3 41 30.00
3 42 30.00
3 43 30.00
3 44 30.00
3 45 30.00
3 46 30.00
3 47 30.00
3 48 30.00
3 49 30.00
3 50 30.00
3 51 1.00
3 52 30.00
3 53 30.00
3 54 30.00
3 55 30.00
3 56 30.00
3 57 30.00
3 58 30.00
3 59 30.00
3 60 30.00
3 61 30.00
3 62 30.00
3 63 30.00
4 0 2.00
4 1 30.00
4 2 30.00
4 3 30.00
4 5 1.00
4 6 1.00
4 7 1.00
4 8 1.00
4 9 30.00
4 10 30.00
4 11 30.00
4 12 1.00
4 13 30.00
4 14 30.00
4 15 30.00
4 16 30.00
4 17 30.00
4 18 30.00
4 19 30.00
4 20 1.00
4 21 30.00
4 22 30.00
4 23 30.00
4 24 30.00
4 25 30.00
4 26 30.00
4 27 30.00
4 28 30.00
4 29 30.00
4 30 30.00
4 31 30.00
4 32 30.00
4 33 30.00
4 34 30.00
4 35 30.00
4 36 1.00
4 37 30.00
4 38 30.00
4 39 30.00
4 40 30.00
4 41 30.00
4 42 30.00
4 43 30.00
4 44 30.00
4 45 30.00
4 46 30.00
4 47 30.00
4 48 30.00
4 49 30.00
4 50 30.00
4 51 30.00
4 52 1.00
4 53 30.00
4 54 30.00
4 55 30.00
4 56 30.00
4 57 30.00
4 58 30.00
4 59 30.00
4 60 30.00
4 61 30.00
4 62 30.00
4 63 30.00
5 0 30.00
5 1 1.00
5 2 30.00
5 3 30.00
5 4 1.00
5 6 1.00
5 7 1.00
5 8 30.00
5 9 1.00
5 10 30.00
5 11 30.00
5 12 30.00
5 13 1.00
5 14 30.00
5 15 30.00
5 16 30.00
5 17 30.00
5 18 30.00
5 19 30.00
5 20 30.00
5 21 1.00
5 22 30.00
5 23 30.00
5 24 30.00
5 25 30.00
5 26 30.00
5 27 30.00
5 28 30.00
5 29 30.00
5 30 30.00
5 31 30.00
5 32 30.00
5 33 30.00
5 34 30.00
5 35 30.00
5 36 30.00
5 37 2.00
5 38 30.00
5 39 30.00
5 40 30.00
5 41 30.00
5 42 30.00
5 43 30.00
5 44 30.00
5 45 30.00
5 46 30.00
5 47 30.00
5 48 30.00
5 49 30.00
5 50 30.00
5 51 30.00
5 52 30.00
5 53 1.00
5 54 30.00
5 55 30.00
5 56 30.00
5 57 30.00
5 58 30.00
5 59 30.00
5 60 30.00
5 61 30.00
5 62 30.00
5 63 30.00
6 0 30.00
6 1 30.00
6 2 1.00
6 3 30.00
6 4 1.00
6 5 1.00
6 7 1.00
6 8 30.00
6 9 30.00
6 10 1.00
6 11 30.00
6 12 30.00
6 13 30.00
6 14 1.00
6 15 30.00
6 16 30.00
6 17 30.00
6 18 30.00
6 19 30.00
6 20 30.00
6 21 30.00
6 22 1.00
6 23 30.00
6 24 30.00
6 25 30.00
6 26 30.00
6 27 30.00
6 28 30.00
6 29 30.00
6 30 30.00
6 31 30.00
6 32 30.00
6 33 30.00
6 34 30.00
6 35 30.00
6 36 30.00
6 37 30.00
6 38 1.00
6 39 30.00
6 40 30.00
6 41 30.00
6 42 30.00
6 43 30.00
6 44 30.00
6 45 30.00
6 46 30.00
6 47 30.00
6 48 30.00
6 49 30.00
6 50 30.00
6 51 30.00
6 52 30.00
6 53 30.00
6 54 2.00
6 55 30.00
6 56 30.00
6 57 30.00
6 58 30.00
6 59 30.00
6 60 30.00
6 61 30.00
6 62 30.00
6 63 30.00
7 0 30.00
7 1 30.00
7 2 30.00
7 3 1.00
7 4 1.00
7 5 1.00
7 6 1.00
7 8 30.00
7 9 30.00
7 10 30.00
7 11 1.00
7 12 30.00
7 13 30.00
7 14 30.00
7 15 2.00
7 16 30.00
7 17 30.00
7 18 30.00
7 19 30.00
7 20 30.00
7 21 30.00
7 22 30.00
7 23 1.00
7 24 30.00
7 25 30.00
7 26 30.00
7 27 30.00
7 28 30.00
7 29 30.00
7 30 30.00
7 31 30.00
7 32 30.00
7 33 30.00
7 34 30.00
7 35 30.00
7 36 30.00
7 37 30.00
7 38 30.00
7 39 1.00
7 40 30.00
7 41 30.00
7 42 30.00
7 43 30.00
7 44 30.00
7 45 30.00
7 46 30.00
7 47 30.00
7 48 30.00
7 49 30.00
7 50 30.00
7 51 30.00
7 52 30.00
7 53 30.00
7 54 30.00
7 55 1.00
7 56 30.00
7 57 30.00
7 58 30.00
7 59 30.00
7 60 30.00
7 61 30.00
7 62 30.00
7 63 30.00
8 0 2.00
8 1 30.00
8 2 30.00
8 3 30.00
8 4 1.00
8 5 30.00
8 6 30.00
8 7 30.00
8 9 1.00
8 10 1.00
8 11 1.00
8 12 1.00
8 13 30.00
8 14 30.00
8 15 30.00
8 16 30.00
8 17 30.00
8 18 30.00
8 19 30.00
8 20 30.00
8 21 30.00
8 22 30.00
8 23 30.00
8 24 1.00
8 25 30.00
8 26 30.00
8 27 30.00
8 28 30.00
8 29 30.00
8 30 30.00
8 31 30.00
8 32 30.00
8 33 30.00
8 34 30.00
8 35 30.00
8 36 30.00
8 37 30.00
8 38 30.00
8 39 30.00
8 40 1.00
8 41 30.00
8 42 30.00
8 43 30.00
8 44 30.00
8 45 30.00
8 46 30.00
8 47 30.00
8 48 30.00
8 49 30.00
8 50 30.00
8 51 30.00
8 52 30.00
8 53 30.00
8 54 30.00
8 55 30.00
8 56 1.00
8 57 30.00
8 58 30.00
8 59 30.00
8 60 30.00
8 61 30.00
8 62 30.00
8 63 30.00
9 0 30.00
9 1 1.00
9 2 30.00
9 3 30.00
9 4 30.00
9 5 1.00
9 6 30.00
9 7 30.00
9 8 1.00
9 10 1.00
9 11 1.00
9 12 30.00
9 13 1.00
9 14 30.00
9 15 30.00
9 16 30.00
9 17 30.00
9 18 30.00
9 19 30.00
9 20 30.00
9 21 30.00
9 22 30.00
9 23 30.00
9 24 30.00
9 25 1.00
9 26 30.00
9 27 30.00
9 28 30.00
9 29 30.00
9 30 30.00
9 31 30.00
9 32 30.00
9 33 30.00
9 34 30.00
9 35 30.00
9 36 30.00
9 37 30.00
9 38 30.00
9 39 30.00
9 40 30.00
9 41 1.00
9 42 30.00
9 43 30.00
9 44 30.00
9 45 30.00
9 46 30.00
9 47 30.00
9 48 30.00
9 49 30.00
9 50 30.00
9 51 30.00
9 52 30.00
9 53 30.00
9 54 30.00
9 55 30.00
9 56 30.00
9 57 2.00
9 58 30.00
9 59 30.00
9 60 30.00
9 61 30.00
9 62 30.00
9 63 30.00
10 0 30.00
10 1 30.00
10 2 1.00
10 3 30.00
10 4 30.00
10 5 30.00
10 6 1.00
10 7 30.00
10 8 1.00
10 9 1.00
10 11 1.00
10 12 30.00
10 13 30.00
10 14 1.00
10 15 30.00
10 16 30.00
10 17 30.00
10 18 30.00
10 19 30.00
10 20 30.00
10 21 30.00
10 22 30.00
10 23 30.00
10 24 30.00
10 25 30.00
10 26 1.00
10 27 30.00
10 28 30.00
10 29 30.00
10 30 30.00
10 31 30.00
10 32 30.00
10 33 30.00
10 34 30.00
10 35 30.00
10 36 30.00
10 37 30.00
10 38 30.00
10 39 30.00
10 40 30.00
10 41 30.00
10 42 2.00
10 43 30.00
10 44 30.00
10 45 30.00
10 46 30.00
10 47 30.00
10 48 30.00
10 49 30.00
10 50 30.00
10 51 30.00
10 52 30.00
10 53 30.00
10 54 30.00
10 55 30.00
10 56 30.00
10 57 30.00
10 58 1.00
10 59 30.00
10 60 30.00
10 61 30.00
10 62 30.00
10 63 30.00
11 0 30.00
11 1 30.00
11 2 30.00
11 3 1.00
11 4 30.00
11 5 30.00
11 6 30.00
11 7 1.00
11 8 1.00
11 9 1.00
11 10 1.00
11 12 30.00
11 13 30.00
11 14 30.00
11 15 2.00
11 16 30.00
11 17 30.00
11 18 30.00
11 19 30.00
11 20 30.00
11 21 30.00
11 22 30.00
11 23 30.00
11 24 30.00
11 25 30.00
11 26 30.00
11 27 1.00
11 28 30.00
11 29 30.00
11 30 30.00
11 31 30.00
11 32 30.00
11 33 30.00
11 34 30.00
11 35 30.00
11 36 30.00
11 37 30.00
11 38 30.00
11 39 30.00
11 40 30.00
11 41 30.00
11 42 30.00
11 43 1.00
11 44 30.00
11 45 30.00
11 46 30.00
11 47 30.00
11 48 30.00
11 49 30.00
11 50 30.00
11 51 30.00
11 52 30.00
11 53 30.00
11 54 30.00
11 55 30.00
11 56 30.00
11 57 30.00
11 58 30.00
11 59 1.00
11 60 30.00
11 61 30.00
11 62 30.00
11 63 30.00
12 0 2.00
12 1 30.00
12 2 30.00
12 3 30.00
12 4 1.00
12 5 30.00
12 6 30.00
12 7 30.00
12 8 1.00
12 9 30.00
12 10 30.00
12 11 30.00
12 13 1.00
12 14 1.00
12 15 2.00
12 16 30.00
12 17 30.00
12 18 30.00
12 19 30.00
12 20 30.00
12 21 30.00
12 22 30.00
12 23 30.00
12 24 30.00
12 25 30.00
12 26 30.00
12 27 30.00
12 28 2.00
12 29 30.00
12 30 30.00
12 31 30.00
12 32 30.00
12 33 30.00
12 34 30.00
12 35 30.00
12 36 30.00
12 37 30.00
12 38 30.00
12 39 30.00
12 40 30.00
12 41 30.00
12 42 30.00
12 43 30.00
12 44 1.00
12 45 30.00
12 46 30.00
12 47 30.00
12 48 30.00
12 49 30.00
12 50 30.00
12 51 30.00
12 52 30.00
12 53 30.00
12 54 30.00
12 55 30.00
12 56 30.00
12 57 30.00
12 58 30.00
12 59 30.00
12 60 1.00
12 61 30.00
12 62 30.00
12 63 30.00
13 0 30.00
13 1 1.00
13 2 30.00
13 3 30.00
13 4 30.00
13 5 1.00
13 6 30.00
13 7 30.00
13 8 30.00
13 9 1.00
13 10 30.00
13 11 30.00
13 12 1.00
13 14 1.00
13 15 2.00
13 16 30.00
13 17 30.00
13 18 30.00
13 19 30.00
13 20 30.00
13 21 30.00
13 22 30.00
13 23 30.00
13 24 30.00
13 25 30.00
13 26 30.00
13 27 30.00
13 28 30.00
13 29 1.00
13 30 30.00
13 31 30.00
13 32 30.00
13 33 30.00
13 34 30.00
13 35 30.00
13 36 30.00
13 37 30.00
13 38 30.00
13 39 30.00
13 40 30.00
13 41 30.00
13 42 30.00
13 43 30.00
13 44 30.00
13 45 1.00
13 46 30.00
13 47 30.00
13 48 30.00
13 49 30.00
13 50 30.00
13 51 30.00
13 52 30.00
13 53 30.00
13 54 30.00
13 55 30.00
13 56 30.00
13 57 30.00
13 58 30.00
13 59 30.00
13 60 30.00
13 61 1.00
13 62 30.00
13 63 30.00
14 0 30.00
14 1 30.00
14 2 1.00
14 3 30.00
14 4 30.00
14 5 30.00
14 6 1.00
14 7 30.00
14 8 30.00
14 9 30.00
14 10 1.00
14 11 30.00
14 12 1.00
14 13 1.00
14 15 2.00
14 16 30.00
14 17 30.00
14 18 30.00
14 19 30.00
14 20 30.00
14 21 30.00
14 22 30.00
14 23 30.00
14 24 30.00
14 25 30.00
14 26 30.00
14 27 30.00
14 28 30.00
14 29 30.00
14 30 1.00
14 31 30.00
14 32 30.00
14 33 30.00
14 34 30.00
14 35 30.00
14 36 30.00
14 37 30.00
14 38 30.00
14 39 30.00
14 40 30.00
14 41 30.00
14 42 30.00
14 43 30.00
14 44 30.00
14 45 30.00
14 46 1.00
14 47 30.00
14 48 30.00
14 49 30.00
14 50 30.00
14 51 30.00
14 52 30.00
14 53 30.00
14 54 30.00
14 55 30.00
14 56 30.00
14 57 30.00
14 58 30.00
14 59 30.00
14 60 30.00
14 61 30.00
14 62 1.00
14 63 30.00
15 0 30.00
15 1 30.00
15 2 30.00
15 3 2.00
15 4 30.00
15 5 30.00
15 6 30.00
15 7 2.00
15 8 30.00
15 9 30.00
15 10 30.00
15 11 2.00
15 12 2.00
15 13 2.00
15 14 2.00
15 16 30.00
15 17 30.00
15 18 30.00
15 19 30.00
15 20 30.00
15 21 30.00
15 22 30.00
15 23 30.00
15 24 30.00
15 25 30.00
15 26 30.00
15 27 30.00
15 28 30.00
15 29 30.00
15 30 30.00
15 31 2.00
15 32 30.00
15 33 30.00
15 34 30.00
15 35 30.00
15 36 30.00
15 37 30.00
15 38 30.00
15 39 30.00
15 40 30.00
15 41 30.00
15 42 30.00
15 43 30.00
15 44 30.00
15 45 30.00
15 46 30.00
15 47 2.00
15 48 30.00
15 49 30.00
15 50 30.00
15 51 30.00
15 52 30.00
15 53 30.00
15 54 30.00
15 55 30.00
15 56 30.00
15 57 30.00
15 58 30.00
15 59 30.00
15 60 30.00
15 61 30.00
15 62 30.00
15 63 2.00
16 0 2.00
16 1 30.00
16 2 30.00
16 3 30.00
16 4 30.00
16 5 30.00
16 6 30.00
16 7 30.00
16 8 30.00
16 9 30.00
16 10 30.00
16 11 30.00
16 12 30.00
16 13 30.00
16 14 30.00
16 15 30.00
16 17 1.00
16 18 1.00
16 19 2.00
16 20 1.00
16 21 30.00
16 22 30.00
16 23 30.00
16 24 1.00
16 25 30.00
16 26 30.00
16 27 30.00
16 28 2.00
16 29 30.00
16 30 30.00
16 31 30.00
16 32 1.00
16 33 30.00
16 34 30.00
16 35 30.00
16 36 30.00
16 37 30.00
16 38 30.00
16 39 30.00
16 40 30.00
16 41 30.00
16 42 30.00
16 43 30.00
16 44 30.00
16 45 30.00
16 46 30.00
16 47 30.00
16 48 1.00
16 49 30.00
16 50 30.00
16 51 30.00
16 52 30.00
16 53 30.00
16 54 30.00
16 55 30.00
16 56 30.00
16 57 30.00
16 58 30.00
16 59 30.00
16 60 30.00
16 61 30.00
16 62 30.00
16 63 30.00
17 0 30.00
17 1 1.00
17 2 30.00
17 3 30.00
17 4 30.00
17 5 30.00
17 6 30.00
17 7 30.00
17 8 30.00
17 9 30.00
17 10 30.00
17 11 30.00
17 12 30.00
17 13 30.00
17 14 30.00
17 15 30.00
17 16 1.00
17 18 1.00
17 19 2.00
17 20 30.00
17 21 1.00
17 22 30.00
17 23 30.00
17 24 30.00
17 25 1.00
17 26 30.00
17 27 30.00
17 28 30.00
17 29 1.00
17 30 30.00
17 31 30.00
17 32 30.00
17 33 1.00
17 34 30.00
17 35 30.00
17 36 30.00
17 37 30.00
17 38 30.00
17 39 30.00
17 40 30.00
17 41 30.00
17 42 30.00
17 43 30.00
17 44 30.00
17 45 30.00
17 46 30.00
17 47 30.00
17 48 30.00
17 49 1.00
17 50 30.00
17 51 30.00
17 52 30.00
17 53 30.00
17 54 30.00
17 55 30.00
17 56 30.00
17 57 30.00
17 58 30.00
17 59 30.00
17 60 30.00
17 61 30.00
17 62 30.00
17 63 30.00
18 0 30.00
18 1 30.00
18 2 1.00
18 3 30.00
18 4 30.00
18 5 30.00
18 6 30.00
18 7 30.00
18 8 30.00
18 9 30.00
18 10 30.00
18 11 30.00
18 12 30.00
18 13 30.00
18 14 30.00
18 15 30.00
18 16 1.00
18 17 1.00
18 19 2.00
18 20 30.00
18 21 30.00
18 22 1.00
18 23 30.00
18 24 30.00
18 25 30.00
18 26 1.00
18 27 30.00
18 28 30.00
18 29 30.00
18 30 1.00
18 31 30.00
18 32 30.00
18 33 30.00
18 34 1.00
18 35 30.00
18 36 30.00
18 37 30.00
18 38 30.00
18 39 30.00
18 40 30.00
18 41 30.00
18 42 30.00
18 43 30.00
18 44 30.00
18 45 30.00
18 46 30.00
18 47 30.00
18 48 30.00
18 49 30.00
18 50 1.00
18 51 30.00
18 52 30.00
18 53 30.00
18 54 30.00
18 55 30.00
18 56 30.00
18 57 30.00
18 58 30.00
18 59 30.00
18 60 30.00
18 61 30.00
18 62 30.00
18 63 30.00
19 0 30.00
19 1 30.00
19 2 30.00
19 3 2.00
19 4 30.00
19 5 30.00
19 6 30.00
19 7 30.00
19 8 30.00
19 9 30.00
19 10 30.00
19 11 30.00
19 12 30.00
19 13 30.00
19 14 30.00
19 15 30.00
19 16 2.00
19 17 2.00
19 18 2.00
19 20 30.00
19 21 30.00
19 22 30.00
19 23 2.00
19 24 30.00
19 25 30.00
19 26 30.00
19 27 2.00
19 28 30.00
19 29 30.00
19 30 30.00
19 31 2.00
19 32 30.00
19 33 30.00
19 34 30.00
19 35 2.00
19 36 30.00
19 37 30.00
19 38 30.00
19 39 30.00
19 40 30.00
19 41 30.00
19 42 30.00
19 43 30.00
19 44 30.00
19 45 30.00
19 46 30.00
19 47 30.00
19 48 30.00
19 49 30.00
19 50 30.00
19 51 2.00
19 52 30.00
19 53 30.00
19 54 30.00
19 55 30.00
19 56 30.00
19 57 30.00
19 58 30.00
19 59 30.00
19 60 30.00
19 61 30.00
19 62 30.00
19 63 30.00
20 0 30.00
20 1 30.00
20 2 30.00
20 3 30.00
20 4 1.00
20 5 30.00
20 6 30.00
20 7 30.00
20 8 30.00
20 9 30.00
20 10 30.00
20 11 30.00
20 12 30.00
20 13 30.00
20 14 30.00
20 15 30.00
20 16 1.00
20 17 30.00
20 18 30.00
20 19 30.00
20 21 1.00
20 22 1.00
20 23 1.00
20 24 1.00
20 25 30.00
20 26 30.00
20 27 30.00
20 28 2.00
20 29 30.00
20 30 30.00
20 31 30.00
20 32 30.00
20 33 30.00
20 34 30.00
20 35 30.00
20 36 1.00
20 37 30.00
20 38 30.00
20 39 30.00
20 40 30.00
20 41 30.00
20 42 30.00
20 43 30.00
20 44 30.00
20 45 30.00
20 46 30.00
20 47 30.00
20 48 30.00
20 49 30.00
20 50 30.00
20 51 30.00
20 52 1.00
20 53 30.00
20 54 30.00
20 55 30.00
20 56 30.00
20 57 30.00
20 58 30.00
20 59 30.00
20 60 30.00
20 61 30.00
20 62 30.00
20 63 30.00
21 0 30.00
21 1 30.00
21 2 30.00
21 3 30.00
21 4 30.00
21 5 1.00
21 6 30.00
21 7 30.00
21 8 30.00
21 9 30.00
21 10 30.00
21 11 30.00
21 12 30.00
21 13 30.00
21 14 30.00
21 15 30.00
21 16 30.00
21 17 1.00
21 18 30.00
21 19 30.00
21 20 1.00
21 22 1.00
21 23 1.00
21 24 30.00
21 25 1.00
21 26 30.00
21 27 30.00
21 28 30.00
21 29 1.00
21 30 30.00
21 31 30.00
21 32 30.00
21 33 30.00
21 34 30.00
21 35 30.00
21 36 30.00
21 37 2.00
21 38 30.00
21 39 30.00
21 40 30.00
21 41 30.00
21 42 30.00
21 43 30.00
21 44 30.00
21 45 30.00
21 46 30.00
21 47 30.00
21 48 30.00
21 49 30.00
21 50 30.00
21 51 30.00
21 52 30.00
21 53 1.00
21 54 30.00
21 55 30.00
21 56 30.00
21 57 30.00
21 58 30.00
21 59 30.00
21 60 30.00
21 61 30.00
21 62 30.00
21 63 30.00
22 0 30.00
22 1 30.00
22 2 30.00
22 3 30.00
22 4 30.00
22 5 30.00
22 6 1.00
22 7 30.00
22 8 30.00
22 9 30.00
22 10 30.00
22 11 30.00
22 12 30.00
22 13 30.00
22 14 30.00
22 15 30.00
22 16 30.00
22 17 30.00
22 18 1.00
22 19 30.00
22 20 1.00
22 21 1.00
22 23 1.00
22 24 30.00
22 25 30.00
22 26 1.00
22 27 30.00
22 28 30.00
22 29 30.00
22 30 1.00
22 31 30.00
22 32 30.00
22 33 30.00
22 34 30.00
22 35 30.00
22 36 30.00
22 37 30.00
22 38 1.00
22 39 30.00
22 40 30.00
22 41 30.00
22 42 30.00
22 43 30.00
22 44 30.00
22 45 30.00
22 46 30.00
22 47 30.00
22 48 30.00
22 49 30.00
22 50 30.00
22 51 30.00
22 52 30.00
22 53 30.00
22 54 2.00
22 55 30.00
22 56 30.00
22 57 30.00
22 58 30.00
22 59 30.00
22 60 30.00
22 61 30.00
22 62 30.00
22 63 30.00
23 0 30.00
23 1 30.00
23 2 30.00
23 3 30.00
23 4 30.00
23 5 30.00
23 6 30.00
23 7 1.00
23 8 30.00
23 9 30.00
23 10 30.00
23 11 30.00
23 12 30.00
23 13 30.00
23 14 30.00
23 15 30.00
23 16 30.00
23 17 30.00
23 18 30.00
23 19 2.00
23 20 1.00
23 21 1.00
23 22 1.00
23 24 30.00
23 25 30.00
23 26 30.00
23 27 1.00
23 28 30.00
23 29 30.00
23 30 30.00
23 31 1.00
23 32 30.00
23 33 30.00
23 34 30.00
23 35 30.00
23 36 30.00
23 37 30.00
23 38 30.00
23 39 1.00
23 40 30.00
23 41 30.00
23 42 30.00
23 43 30.00
23 44 30.00
23 45 30.00
23 46 30.00
23 47 30.00
23 48 30.00
23 49 30.00
23 50 30.00
23 51 30.00
23 52 30.00
23 53 30.00
23 54 30.00
23 55 1.00
23 56 30.00
23 57 30.00
23 58 30.00
23 59 30.00
23 60 30.00
23 61 30.00
23 62 30.00
23 63 30.00
24 0 30.00
24 1 30.00
24 2 30.00
24 3 30.00
24 4 30.00
24 5 30.00
24 6 30.00
24 7 30.00
24 8 1.00
24 9 30.00
24 10 30.00
24 11 30.00
24 12 30.00
24 13 30.00
24 14 30.00
24 15 30.00
24 16 1.00
24 17 30.00
24 18 30.00
24 19 30.00
24 20 1.00
24 21 30.00
24 22 30.00
24 23 30.00
24 25 1.00
24 26 1.00
24 27 1.00
24 28 2.00
24 29 30.00
24 30 30.00
24 31 30.00
24 32 30.00
24 33 30.00
24 34 30.00
24 35 30.00
24 36 30.00
24 37 30.00
24 38 30.00
24 39 30.00
24 40 1.00
24 41 30.00
24 42 30.00
24 43 30.00
24 44 30.00
24 45 30.00
24 46 30.00
24 47 30.00
24 48 30.00
24 49 30.00
24 50 30.00
24 51 30.00
24 52 30.00
24 53 30.00
24 54 30.00
24 55 30.00
24 56 1.00
24 57 30.00
24 58 30.00
24 59 30.00
24 60 30.00
24 61 30.00
24 62 30.00
24 63 30.00
25 0 30.00
25 1 30.00
25 2 30.00
25 3 30.00
25 4 30.00
25 5 30.00
25 6 30.00
25 7 30.00
25 8 30.00
25 9 1.00
25 10 30.00
25 11 30.00
25 12 30.00
25 13 30.00
25 14 30.00
25 15 30.00
25 16 30.00
25 17 1.00
25 18 30.00
25 19 30.00
25 20 30.00
25 21 1.00
25 22 30.00
25 23 30.00
25 24 1.00
25 26 1.00
25 27 1.00
25 28 30.00
25 29 1.00
25 30 30.00
25 31 30.00
25 32 30.00
25 33 30.00
25 34 30.00
25 35 30.00
25 36 30.00
25 37 30.00
25 38 30.00
25 39 30.00
25 40 30.00
25 41 1.00
25 42 30.00
25 43 30.00
25 44 30.00
25 45 30.00
25 46 30.00
25 47 30.00
25 48 30.00
25 49 30.00
25 50 30.00
25 51 30.00
25 52 30.00
25 53 30.00
25 54 30.00
25 55 30.00
25 56 30.00
25 57 2.00
25 58 30.00
25 59 30.00
25 60 30.00
25 61 30.00
25 62 30.00
25 63 30.00
26 0 30.00
26 1 30.00
26 2 30.00
26 3 30.00
26 4 30.00
26 5 30.00
26 6 30.00
26 7 30.00
26 8 30.00
26 9 30.00
26 10 1.00
26 11 30.00
26 12 30.00
26 13 30.00
26 14 30.00
26 15 30.00
26 16 30.00
26 17 30.00
26 18 1.00
26 19 30.00
26 20 30.00
26 21 30.00
26 22 1.00
26 23 30.00
26 24 1.00
26 25 1.00
26 27 1.00
26 28 30.00
26 29 30.00
26 30 1.00
26 31 30.00
26 32 30.00
26 33 30.00
26 34 30.00
26 35 30.00
26 36 30.00
26 37 30.00
26 38 30.00
26 39 30.00
26 40 30.00
26 41 30.00
26 42 2.00
26 43 30.00
26 44 30.00
26 45 30.00
26 46 30.00
26 47 30.00
26 48 30.00
26 49 30.00
26 50 30.00
26 51 30.00
26 52 30.00
26 53 30.00
26 54 30.00
26 55 30.00
26 56 30.00
26 57 30.00
26 58 1.00
26 59 30.00
26 60 30.00
26 61 30.00
26 62 30.00
26 63 30.00
27 0 30.00
27 1 30.00
27 2 30.00
27 3 30.00
27 4 30.00
27 5 30.00
27 6 30.00
27 7 30.00
27 8 30.00
27 9 30.00
27 10 30.00
27 11 1.00
27 12 30.00
27 13 30.00
27 14 30.00
27 15 30.00
27 16 30.00
27 17 30.00
27 18 30.00
27 19 2.00
27 20 30.00
27 21 30.00
27 22 30.00
27 23 1.00
27 24 1.00
27 25 1.00
27 26 1.00
27 28 30.00
27 29 30.00
27 30 30.00
27 31 1.00
27 32 30.00
27 33 30.00
27 34 30.00
27 35 30.00
27 36 30.00
27 37 30.00
27 38 30.00
27 39 30.00
27 40 30.00
27 41 30.00
27 42 30.00
27 43 1.00
27 44 30.00
27 45 30.00
27 46 30.00
27 47 30.00
27 48 30.00
27 49 30.00
27 50 30.00
27 51 30.00
27 52 30.00
27 53 30.00
27 54 30.00
27 55 30.00
27 56 30.00
27 57 30.00
27 58 30.00
27 59 1.00
27 60 30.00
27 61 30.00
27 62 30.00
27 63 30.00
28 0 30.00
28 1 30.00
28 2 30.00
28 3 30.00
28 4 30.00
28 5 30.00
28 6 30.00
28 7 30.00
28 8 30.00
28 9 30.00
28 10 30.00
28 11 30.00
28 12 2.00
28 13 30.00
28 14 30.00
28 15 30.00
28 16 2.00
28 17 30.00
28 18 30.00
28 19 30.00
28 20 2.00
28 21 30.00
28 22 30.00
28 23 30.00
28 24 2.00
28 25 30.00
28 26 30.00
28 27 30.00
28 29 2.00
28 30 2.00
28 31 2.00
28 32 30.00
28 33 30.00
28 34 30.00
28 35 30.00
28 36 30.00
28 37 30.00
28 38 30.00
28 39 30.00
28 40 30.00
28 41 30.00
28 42 30.00
28 43 30.00
28 44 2.00
28 45 30.00
28 46 30.00
28 47 30.00
28 48 30.00
28 49 30.00
28 50 30.00
28 51 30.00
28 52 30.00
28 53 30.00
28 54 30.00
28 55 30.00
28 56 30.00
28 57 30.00
28 58 30.00
28 59 30.00
28 60 2.00
28 61 30.00
28 62 30.00
28 63 30.00
29 0 30.00
29 1 30.00
29 2 30.00
29 3 30.00
29 4 30.00
29 5 30.00
29 6 30.00
29 7 30.00
29 8 30.00
29 9 30.00
29 10 30.00
29 11 30.00
29 12 30.00
29 13 1.00
29 14 30.00
29 15 30.00
29 16 30.00
29 17 1.00
29 18 30.00
29 19 30.00
29 20 30.00
29 21 1.00
29 22 30.00
29 23 30.00
29 24 30.00
29 25 1.00
29 26 30.00
29 27 30.00
29 28 2.00
29 30 1.00
29 31 1.00
29 32 30.00
29 33 30.00
29 34 30.00
29 35 30.00
29 36 30.00
29 37 30.00
29 38 30.00
29 39 30.00
29 40 30.00
29 41 30.00
29 42 30.00
29 43 30.00
29 44 30.00
29 45 1.00
29 46 30.00
29 47 30.00
29 48 30.00
29 49 30.00
29 50 30.00
29 51 30.00
29 52 30.00
29 53 30.00
29 54 30.00
29 55 30.00
29 56 30.00
29 57 30.00
29 58 30.00
29 59 30.00
29 60 30.00
29 61 1.00
29 62 30.00
29 63 30.00
30 0 30.00
30 1 30.00
30 2 30.00
30 3 30.00
30 4 30.00
30 5 30.00
30 6 30.00
30 7 30.00
30 8 30.00
30 9 30.00
30 10 30.00
30 11 30.00
30 12 30.00
30 13 30.00
30 14 1.00
30 15 30.00
30 16 30.00
30 17 30.00
30 18 1.00
30 19 30.00
30 20 30.00
30 21 30.00
30 22 1.00
30 23 30.00
30 24 30.00
30 25 30.00
30 26 1.00
30 27 30.00
30 28 2.00
30 29 1.00
30 31 1.00
30 32 30.00
30 33 30.00
30 34 30.00
30 35 30.00
30 36 30.00
30 37 30.00
30 38 30.00
30 39 30.00
30 40 30.00
30 41 30.00
30 42 30.00
30 43 30.00
30 44 30.00
30 45 30.00
30 46 1.00
30 47 30.00
30 48 30.00
30 49 30.00
30 50 30.00
30 51 30.00
30 52 30.00
30 53 30.00
30 54 30.00
30 55 30.00
30 56 30.00
30 57 30.00
30 58 30.00
30 59 30.00
30 60 30.00
30 61 30.00
30 62 1.00
30 63 30.00
31 0 30.00
31 1 30.00
31 2 30.00
31 3 30.00
31 4 30.00
31 5 30.00
31 6 30.00
31 7 30.00
31 8 30.00
31 9 30.00
31 10 30.00
31 11 30.00
31 12 30.00
31 13 30.00
31 14 30.00
31 15 2.00
31 16 30.00
31 17 30.00
31 18 30.00
31 19 2.00
31 20 30.00
31 21 30.00
31 22 30.00
31 23 1.00
31 24 30.00
31 25 30.00
31 26 30.00
31 27 1.00
31 28 2.00
31 29 1.00
31 30 1.00
31 32 30.00
31 33 30.00
31 34 30.00
31 35 30.00
31 36 30.00
31 37 30.00
31 38 30.00
31 39 30.00
31 40 30.00
31 41 30.00
31 42 30.00
31 43 30.00
31 44 30.00
31 45 30.00
31 46 30.00
31 47 1.00
31 48 30.00
31 49 30.00
31 50 30.00
31 51 30.00
31 52 30.00
31 53 30.00
31 54 30.00
31 55 30.00
31 56 30.00
31 57 30.00
31 58 30.00
31 59 30.00
31 60 30.00
31 61 30.00
31 62 30.00
31 63 1.00
32 0 2.00
32 1 30.00
32 2 30.00
32 3 30.00
32 4 30.00
32 5 30.00
32 6 30.00
32 7 30.00
32 8 30.00
32 9 30.00
32 10 30.00
32 11 30.00
32 12 30.00
32 13 30.00
32 14 30.00
32 15 30.00
32 16 1.00
32 17 30.00
32 18 30.00
32 19 30.00
32 20 30.00
32 21 30.00
32 22 30.00
32 23 30.00
32 24 30.00
32 25 30.00
32 26 30.00
32 27 30.00
32 28 30.00
32 29 30.00
32 30 30.00
32 31 30.00
32 33 1.00
32 34 1.00
32 35 1.00
32 36 1.00
32 37 30.00
32 38 30.00
32 39 30.00
32 40 1.00
32 41 30.00
32 42 30.00
32 43 30.00
32 44 1.00
32 45 30.00
32 46 30.00
32 47 30.00
32 48 1.00
32 49 30.00
32 50 30.00
32 51 30.00
32 52 30.00
32 53 30.00
32 54 30.00
32 55 30.00
32 56 30.00
32 57 30.00
32 58 30.00
32 59 30.00
32 60 30.00
32 61 30.00
32 62 30.00
32 63 30.00
33 0 30.00
33 1 1.00
33 2 30.00
33 3 30.00
33 4 30.00
33 5 30.00
33 6 30.00
33 7 30.00
33 8 30.00
33 9 30.00
33 10 30.00
33 11 30.00
33 12 30.00
33 13 30.00
33 14 30.00
33 15 30.00
33 16 30.00
33 17 1.00
33 18 30.00
33 19 30.00
33 20 30.00
33 21 30.00
33 22 30.00
33 23 30.00
33 24 30.00
33 25 30.00
33 26 30.00
33 27 30.00
33 28 30.00
33 29 30.00
33 30 30.00
33 31 30.00
33 32 1.00
33 34 1.00
33 35 1.00
33 36 30.00
33 37 2.00
33 38 30.00
33 39 30.00
33 40 30.00
33 41 1.00
33 42 30.00
33 43 30.00
33 44 30.00
33 45 1.00
33 46 30.00
33 47 30.00
33 48 30.00
33 49 1.00
33 50 30.00
33 51 30.00
33 52 30.00
33 53 30.00
33 54 30.00
33 55 30.00
33 56 30.00
33 57 30.00
33 58 30.00
33 59 30.00
33 60 30.00
33 61 30.00
33 62 30.00
33 63 30.00
34 0 30.00
34 1 30.00
34 2 1.00
34 3 30.00
34 4 30.00
34 5 30.00
34 6 30.00
34 7 30.00
34 8 30.00
34 9 30.00
34 10 30.00
34 11 30.00
34 12 30.00
34 13 30.00
34 14 30.00
34 15 30.00
34 16 30.00
34 17 30.00
34 18 1.00
34 19 30.00
34 20 30.00
34 21 30.00
34 22 30.00
34 23 30.00
34 24 30.00
34 25 30.00
34 26 30.00
34 27 30.00
34 28 30.00
34 29 30.00
34 30 30.00
34 31 30.00
34 32 1.00
34 33 1.00
34 35 1.00
34 36 30.00
34 37 30.00
34 38 1.00
34 39 30.00
34 40 30.00
34 41 30.00
34 42 2.00
34 43 30.00
34 44 30.00
34 45 30.00
34 46 1.00
34 47 30.00
34 48 30.00
34 49 30.00
34 50 1.00
34 51 30.00
34 52 30.00
34 53 30.00
34 54 30.00
34 55 30.00
34 56 30.00
34 57 30.00
34 58 30.00
34 59 30.00
34 60 30.00
34 61 30.00
34 62 30.00
34 63 30.00
35 0 30.00
35 1 30.00
35 2 30.00
35 3 1.00
35 4 30.00
35 5 30.00
35 6 30.00
35 7 30.00
35 8 30.00
35 9 30.00
35 10 30.00
35 11 30.00
35 12 30.00
35 13 30.00
35 14 30.00
35 15 30.00
35 16 30.00
35 17 30.00
35 18 30.00
35 19 2.00
35 20 30.00
35 21 30.00
35 22 30.00
35 23 30.00
35 24 30.00
35 25 30.00
35 26 30.00
35 27 30.00
35 28 30.00
35 29 30.00
35 30 30.00
35 31 30.00
35 32 1.00
35 33 1.00
35 34 1.00
35 36 30.00
35 37 30.00
35 38 30.00
35 39 1.00
35 40 30.00
35 41 30.00
35 42 30.00
35 43 1.00
35 44 30.00
35 45 30.00
35 46 30.00
35 47 1.00
35 48 30.00
35 49 30.00
35 50 30.00
35 51 1.00
35 52 30.00
35 53 30.00
35 54 30.00
35 55 30.00
35 56 30.00
35 57 30.00
35 58 30.00
35 59 30.00
35 60 30.00
35 61 30.00
35 62 30.00
35 63 30.00
36 0 30.00
36 1 30.00
36 2 30.00
36 3 30.00
36 4 1.00
36 5 30.00
36 6 30.00
36 7 30.00
36 8 30.00
36 9 30.00
36 10 30.00
36 11 30.00
36 12 30.00
36 13 30.00
36 14 30.00
36 15 30.00
36 16 30.00
36 17 30.00
36 18 30.00
36 19 30.00
36 20 1.00
36 21 30.00
36 22 30.00
36 23 30.00
36 24 30.00
36 25 30.00
36 26 30.00
36 27 30.00
36 28 30.00
36 29 30.00
36 30 30.00
36 31 30.00
36 32 1.00
36 33 30.00
36 34 30.00
36 35 30.00
36 37 2.00
36 38 1.00
36 39 1.00
36 40 1.00
36 41 30.00
36 42 30.00
36 43 30.00
36 44 1.00
36 45 30.00
36 46 30.00
36 47 30.00
36 48 30.00
36 49 30.00
36 50 30.00
36 51 30.00
36 52 1.00
36 53 30.00
36 54 30.00
36 55 30.00
36 56 30.00
36 57 30.00
36 58 30.00
36 59 30.00
36 60 30.00
36 61 30.00
36 62 30.00
36 63 30.00
37 0 30.00
37 1 30.00
37 2 30.00
37 3 30.00
37 4 30.00
37 5 2.00
37 6 30.00
37 7 30.00
37 8 30.00
37 9 30.00
37 10 30.00
37 11 30.00
37 12 30.00
37 13 30.00
37 14 30.00
37 15 30.00
37 16 30.00
37 17 30.00
37 18 30.00
37 19 30.00
37 20 30.00
37 21 2.00
37 22 30.00
37 23 30.00
37 24 30.00
37 25 30.00
37 26 30.00
37 27 30.00
37 28 30.00
37 29 30.00
37 30 30.00
37 31 30.00
37 32 30.00
37 33 2.00
37 34 30.00
37 35 30.00
37 36 2.00
37 38 2.00
37 39 2.00
37 40 30.00
37 41 2.00
37 42 30.00
37 43 30.00
37 44 30.00
37 45 2.00
37 46 30.00
37 47 30.00
37 48 30.00
37 49 30.00
37 50 30.00
37 51 30.00
37 52 30.00
37 53 2.00
37 54 30.00
37 55 30.00
37 56 30.00
37 57 30.00
37 58 30.00
37 59 30.00
37 60 30.00
37 61 30.00
37 62 30.00
37 63 30.00
38 0 30.00
38 1 30.00
38 2 30.00
38 3 30.00
38 4 30.00
38 5 30.00
38 6 1.00
38 7 30.00
38 8 30.00
38 9 30.00
38 10 30.00
38 11 30.00
38 12 30.00
38 13 30.00
38 14 30.00
38 15 30.00
38 16 30.00
38 17 30.00
38 18 30.00
38 19 30.00
38 20 30.00
38 21 30.00
38 22 1.00
38 23 30.00
38 24 30.00
38 25 30.00
38 26 30.00
38 27 30.00
38 28 30.00
38 29 30.00
38 30 30.00
38 31 30.00
38 32 30.00
38 33 30.00
38 34 1.00
38 35 30.00
38 36 1.00
38 37 2.00
38 39 1.00
38 40 30.00
38 41 30.00
38 42 2.00
38 43 30.00
38 44 30.00
38 45 30.00
38 46 1.00
38 47 30.00
38 48 30.00
38 49 30.00
38 50 30.00
38 51 30.00
38 52 30.00
38 53 30.00
38 54 2.00
38 55 30.00
38 56 30.00
38 57 30.00
38 58 30.00
38 59 30.00
38 60 30.00
38 61 30.00
38 62 30.00
38 63 30.00
39 0 30.00
39 1 30.00
39 2 30.00
39 3 30.00
39 4 30.00
39 5 30.00
39 6 30.00
39 7 1.00
39 8 30.00
39 9 30.00
39 10 30.00
39 11 30.00
39 12 30.00
39 13 30.00
39 14 30.00
39 15 30.00
39 16 30.00
39 17 30.00
39 18 30.00
39 19 30.00
39 20 30.00
39 21 30.00
39 22 30.00
39 23 1.00
39 24 30.00
39 25 30.00
39 26 30.00
39 27 30.00
39 28 30.00
39 29 30.00
39 30 30.00
39 31 30.00
39 32 30.00
39 33 30.00
39 34 30.00
39 35 1.00
39 36 1.00
39 37 2.00
39 38 1.00
39 40 30.00
39 41 30.00
39 42 30.00
39 43 1.00
39 44 30.00
39 45 30.00
39 46 30.00
39 47 1.00
39 48 30.00
39 49 30.00
39 50 30.00
39 51 30.00
39 52 30.00
39 53 30.00
39 54 30.00
39 55 1.00
39 56 30.00
39 57 30.00
39 58 30.00
39 59 30.00
39 60 30.00
39 61 30.00
39 62 30.00
39 63 30.00
40 0 30.00
40 1 30.00
40 2 30.00
40 3 30.00
40 4 30.00
40 5 30.00
40 6 30.00
40 7 30.00
40 8 1.00
40 9 30.00
40 10 30.00
40 11 30.00
40 12 30.00
40 13 30.00
40 14 30.00
40 15 30.00
40 16 30.00
40 17 30.00
40 18 30.00
40 19 30.00
40 20 30.00
40 21 30.00
40 22 30.00
40 23 30.00
40 24 1.00
40 25 30.00
40 26 30.00
40 27 30.00
40 28 30.00
40 29 30.00
40 30 30.00
40 31 30.00
40 32 1.00
40 33 30.00
40 34 30.00
40 35 30.00
40 36 1.00
40 37 30.00
40 38 30.00
40 39 30.00
40 41 1.00
40 42 2.00
40 43 1.00
40 44 1.00
40 45 30.00
40 46 30.00
40 47 30.00
40 48 30.00
40 49 30.00
40 50 30.00
40 51 30.00
40 52 30.00
40 53 30.00
40 54 30.00
40 55 30.00
40 56 1.00
40 57 30.00
40 58 30.00
40 59 30.00
40 60 30.00
40 61 30.00
40 62 30.00
40 63 30.00
41 0 30.00
41 1 30.00
41 2 30.00
41 3 30.00
41 4 30.00
41 5 30.00
41 6 30.00
41 7 30.00
41 8 30.00
41 9 1.00
41 10 30.00
41 11 30.00
41 12 30.00
41 13 30.00
41 14 30.00
41 15 30.00
41 16 30.00
41 17 30.00
41 18 30.00
41 19 30.00
41 20 30.00
41 21 30.00
41 22 30.00
41 23 30.00
41 24 30.00
41 25 1.00
41 26 30.00
41 27 30.00
41 28 30.00
41 29 30.00
41 30 30.00
41 31 30.00
41 32 30.00
41 33 1.00
41 34 30.00
41 35 30.00
41 36 30.00
41 37 2.00
41 38 30.00
41 39 30.00
41 40 1.00
41 42 2.00
41 43 1.00
41 44 30.00
41 45 1.00
41 46 30.00
41 47 30.00
41 48 30.00
41 49 30.00
41 50 30.00
41 51 30.00
41 52 30.00
41 53 30.00
41 54 30.00
41 55 30.00
41 56 30.00
41 57 2.00
41 58 30.00
41 59 30.00
41 60 30.00
41 61 30.00
41 62 30.00
41 63 30.00
42 0 30.00
42 1 30.00
42 2 30.00
42 3 30.00
42 4 30.00
42 5 30.00
42 6 30.00
42 7 30.00
42 8 30.00
42 9 30.00
42 10 2.00
42 11 30.00
42 12 30.00
42 13 30.00
42 14 30.00
42 15 30.00
42 16 30.00
42 17 30.00
42 18 30.00
42 19 30.00
42 20 30.00
42 21 30.00
42 22 30.00
42 23 30.00
42 24 30.00
42 25 30.00
42 26 2.00
42 27 30.00
42 28 30.00
42 29 30.00
42 30 30.00
42 31 30.00
42 32 30.00
42 33 30.00
42 34 2.00
42 35 30.00
42 36 30.00
42 37 30.00
42 38 2.00
42 39 30.00
42 40 2.00
42 41 2.00
42 43 2.00
42 44 30.00
42 45 30.00
42 46 2.00
42 47 30.00
42 48 30.00
42 49 30.00
42 50 30.00
42 51 30.00
42 52 30.00
42 53 30.00
42 54 30.00
42 55 30.00
42 56 30.00
42 57 30.00
42 58 2.00
42 59 30.00
42 60 30.00
42 61 30.00
42 62 30.00
42 63 30.00
43 0 30.00
43 1 30.00
43 2 30.00
43 3 30.00
43 4 30.00
43 5 30.00
43 6 30.00
43 7 30.00
43 8 30.00
43 9 30.00
43 10 30.00
43 11 1.00
43 12 30.00
43 13 30.00
43 14 30.00
43 15 30.00
43 16 30.00
43 17 30.00
43 18 30.00
43 19 30.00
43 20 30.00
43 21 30.00
43 22 30.00
43 23 30.00
43 24 30.00
43 25 30.00
43 26 30.00
43 27 1.00
43 28 30.00
43 29 30.00
43 30 30.00
43 31 30.00
43 32 30.00
43 33 30.00
43 34 30.00
43 35 1.00
43 36 30.00
43 37 30.00
43 38 30.00
43 39 1.00
43 40 1.00
43 41 1.00
43 42 2.00
43 44 30.00
43 45 30.00
43 46 30.00
43 47 1.00
43 48 30.00
43 49 30.00
43 50 30.00
43 51 30.00
43 52 30.00
43 53 30.00
43 54 30.00
43 55 30.00
43 56 30.00
43 57 30.00
43 58 30.00
43 59 1.00
43 60 30.00
43 61 30.00
43 62 30.00
43 63 30.00
44 0 30.00
44 1 30.00
44 2 30.00
44 3 30.00
44 4 30.00
44 5 30.00
44 6 30.00
44 7 30.00
44 8 30.00
44 9 30.00
44 10 30.00
44 11 30.00
44 12 1.00
44 13 30.00
44 14 30.00
44 15 30.00
44 16 30.00
44 17 30.00
44 18 30.00
44 19 30.00
44 20 30.00
44 21 30.00
44 22 30.00
44 23 30.00
44 24 30.00
44 25 30.00
44 26 30.00
44 27 30.00
44 28 2.00
44 29 30.00
44 30 30.00
44 31 30.00
44 32 1.00
44 33 30.00
44 34 30.00
44 35 30.00
44 36 1.00
44 37 30.00
44 38 30.00
44 39 30.00
44 40 1.00
44 41 30.00
44 42 30.00
44 43 30.00
44 45 1.00
44 46 1.00
44 47 1.00
44 48 30.00
44 49 30.00
44 50 30.00
44 51 30.00
44 52 30.00
44 53 30.00
44 54 30.00
44 55 30.00
44 56 30.00
44 57 30.00
44 58 30.00
44 59 30.00
44 60 1.00
44 61 30.00
44 62 30.00
44 63 30.00
45 0 30.00
45 1 30.00
45 2 30.00
45 3 30.00
45 4 30.00
45 5 30.00
45 6 30.00
45 7 30.00
45 8 30.00
45 9 30.00
45 10 30.00
45 11 30.00
45 12 30.00
45 13 1.00
45 14 30.00
45 15 30.00
45 16 30.00
45 17 30.00
45 18 30.00
45 19 30.00
45 20 30.00
45 21 30.00
45 22 30.00
45 23 30.00
45 24 30.00
45 25 30.00
45 26 30.00
45 27 30.00
45 28 30.00
45 29 1.00
45 30 30.00
45 31 30.00
45 32 30.00
45 33 1.00
45 34 30.00
45 35 30.00
45 36 30.00
45 37 2.00
45 38 30.00
45 39 30.00
45 40 30.00
45 41 1.00
45 42 30.00
45 43 30.00
45 44 1.00
45 46 1.00
45 47 1.00
45 48 30.00
45 49 30.00
45 50 30.00
45 51 30.00
45 52 30.00
45 53 30.00
45 54 30.00
45 55 30.00
45 56 30.00
45 57 30.00
45 58 30.00
45 59 30.00
45 60 30.00
45 61 1.00
45 62 30.00
45 63 30.00
46 0 30.00
46 1 30.00
46 2 30.00
46 3 30.00
46 4 30.00
46 5 30.00
46 6 30.00
46 7 30.00
46 8 30.00
46 9 30.00
46 10 30.00
46 11 30.00
46 12 30.00
46 13 30.00
46 14 1.00
46 15 30.00
46 16 30.00
46 17 30.00
46 18 30.00
46 19 30.00
46 20 30.00
46 21 30.00
46 22 30.00
46 23 30.00
46 24 30.00
46 25 30.00
46 26 30.00
46 27 30.00
46 28 30.00
46 29 30.00
46 30 1.00
46 31 30.00
46 32 30.00
46 33 30.00
46 34 1.00
46 35 30.00
46 36 30.00
46 37 30.00
46 38 1.00
46 39 30.00
46 40 30.00
46 41 30.00
46 42 2.00
46 43 30.00
46 44 1.00
46 45 1.00
46 47 1.00
46 48 30.00
46 49 30.00
46 50 30.00
46 51 30.00
46 52 30.00
46 53 30.00
46 54 30.00
46 55 30.00
46 56 30.00
46 57 30.00
46 58 30.00
46 59 30.00
46 60 30.00
46 61 30.00
46 62 1.00
46 63 30.00
47 0 30.00
47 1 30.00
47 2 30.00
47 3 30.00
47 4 30.00
47 5 30.00
47 6 30.00
47 7 30.00
47 8 30.00
47 9 30.00
47 10 30.00
47 11 30.00
47 12 30.00
47 13 30.00
47 14 30.00
47 15 2.00
47 16 30.00
47 17 30.00
47 18 30.00
47 19 30.00
47 20 30.00
47 21 30.00
47 22 30.00
47 23 30.00
47 24 30.00
47 25 30.00
47 26 30.00
47 27 30.00
47 28 30.00
47 29 30.00
47 30 30.00
47 31 1.00
47 32 30.00
47 33 30.00
47 34 30.00
47 35 1.00
47 36 30.00
47 37 30.00
47 38 30.00
47 39 1.00
47 40 30.00
47 41 30.00
47 42 30.00
47 43 1.00
47 44 1.00
47 45 1.00
47 46 1.00
47 48 30.00
47 49 30.00
47 50 30.00
47 51 30.00
47 52 30.00
47 53 30.00
47 54 30.00
47 55 30.00
47 56 30.00
47 57 30.00
47 58 30.00
47 59 30.00
47 60 30.00
47 61 30.00
47 62 30.00
47 63 1.00
48 0 2.00
48 1 30.00
48 2 30.00
48 3 30.00
48 4 30.00
48 5 30.00
48 6 30.00
48 7 30.00
48 8 30.00
48 9 30.00
48 10 30.00
48 11 30.00
48 12 30.00
48 13 30.00
48 14 30.00
48 15 30.00
48 16 1.00
48 17 30.00
48 18 30.00
48 19 30.00
48 20 30.00
48 21 30.00
48 22 30.00
48 23 30.00
48 24 30.00
48 25 30.00
48 26 30.00
48 27 30.00
48 28 30.00
48 29 30.00
48 30 30.00
48 31 30.00
48 32 1.00
48 33 30.00
48 34 30.00
48 35 30.00
48 36 30.00
48 37 30.00
48 38 30.00
48 39 30.00
48 40 30.00
48 41 30.00
48 42 30.00
48 43 30.00
48 44 30.00
48 45 30.00
48 46 30.00
48 47 30.00
48 49 1.00
48 50 1.00
48 51 1.00
48 52 1.00
48 53 30.00
48 54 30.00
48 55 30.00
48 56 1.00
48 57 30.00
48 58 30.00
48 59 30.00
48 60 1.00
48 61 30.00
48 62 30.00
48 63 30.00
49 0 30.00
49 1 1.00
49 2 30.00
49 3 30.00
49 4 30.00
49 5 30.00
49 6 30.00
49 7 30.00
49 8 30.00
49 9 30.00
49 10 30.00
49 11 30.00
49 12 30.00
49 13 30.00
49 14 30.00
49 15 30.00
49 16 30.00
49 17 1.00
49 18 30.00
49 19 30.00
49 20 30.00
49 21 30.00
49 22 30.00
49 23 30.00
49 24 30.00
49 25 30.00
49 26 30.00
49 27 30.00
49 28 30.00
49 29 30.00
49 30 30.00
49 31 30.00
49 32 30.00
49 33 1.00
49 34 30.00
49 35 30.00
49 36 30.00
49 37 30.00
49 38 30.00
49 39 30.00
49 40 30.00
49 41 30.00
49 42 30.00
49 43 30.00
49 44 30.00
49 45 30.00
49 46 30.00
49 47 30.00
49 48 1.00
49 50 1.00
49 51 1.00
49 52 30.00
49 53 1.00
49 54 30.00
49 55 30.00
49 56 30.00
49 57 2.00
49 58 30.00
49 59 30.00
49 60 30.00
49 61 1.00
49 62 30.00
49 63 30.00
50 0 30.00
50 1 30.00
50 2 1.00
50 3 30.00
50 4 30.00
50 5 30.00
50 6 30.00
50 7 30.00
50 8 30.00
50 9 30.00
50 10 30.00
50 11 30.00
50 12 30.00
50 13 30.00
50 14 30.00
50 15 30.00
50 16 30.00
50 17 30.00
50 18 1.00
50 19 30.00
50 20 30.00
50 21 30.00
50 22 30.00
50 23 30.00
50 24 30.00
50 25 30.00
50 26 30.00
50 27 30.00
50 28 30.00
50 29 30.00
50 30 30.00
50 31 30.00
50 32 30.00
50 33 30.00
50 34 1.00
50 35 30.00
50 36 30.00
50 37 30.00
50 38 30.00
50 39 30.00
50 40 30.00
50 41 30.00
50 42 30.00
50 43 30.00
50 44 30.00
50 45 30.00
50 46 30.00
50 47 30.00
50 48 1.00
50 49 1.00
50 51 1.00
50 52 30.00
50 53 30.00
50 54 2.00
50 55 30.00
50 56 30.00
50 57 30.00
50 58 1.00
50 59 30.00
50 60 30.00
50 61 30.00
50 62 1.00
50 63 30.00
51 0 30.00
51 1 30.00
51 2 30.00
51 3 1.00
51 4 30.00
51 5 30.00
51 6 30.00
51 7 30.00
51 8 30.00
51 9 30.00
51 10 30.00
51 11 30.00
51 12 30.00
51 13 30.00
51 14 30.00
51 15 30.00
51 16 30.00
51 17 30.00
51 18 30.00
51 19 2.00
51 20 30.00
51 21 30.00
51 22 30.00
51 23 30.00
51 24 30.00
51 25 30.00
51 26 30.00
51 27 30.00
51 28 30.00
51 29 30.00
51 30 30.00
51 31 30.00
51 32 30.00
51 33 30.00
51 34 30.00
51 35 1.00
51 36 30.00
51 37 30.00
51 38 30.00
51 39 30.00
51 40 30.00
51 41 30.00
51 42 30.00
51 43 30.00
51 44 30.00
51 45 30.00
51 46 30.00
51 47 30.00
51 48 1.00
51 49 1.00
51 50 1.00
51 52 30.00
51 53 30.00
51 54 30.00
51 55 1.00
51 56 30.00
51 57 30.00
51 58 30.00
51 59 1.00
51 60 30.00
51 61 30.00
51 62 30.00
51 63 1.00
52 0 30.00
52 1 30.00
52 2 30.00
52 3 30.00
52 4 1.00
52 5 30.00
52 6 30.00
52 7 30.00
52 8 30.00
52 9 30.00
52 10 30.00
52 11 30.00
52 12 30.00
52 13 30.00
52 14 30.00
52 15 30.00
52 16 30.00
52 17 30.00
52 18 30.00
52 19 30.00
52 20 1.00
52 21 30.00
52 22 30.00
52 23 30.00
52 24 30.00
52 25 30.00
52 26 30.00
52 27 30.00
52 28 30.00
52 29 30.00
52 30 30.00
52 31 30.00
52 32 30.00
52 33 30.00
52 34 30.00
52 35 30.00
52 36 1.00
52 37 30.00
52 38 30.00
52 39 30.00
52 40 30.00
52 41 30.00
52 42 30.00
52 43 30.00
52 44 30.00
52 45 30.00
52 46 30.00
52 47 30.00
52 48 1.00
52 49 30.00
52 50 30.00
52 51 30.00
52 53 1.00
52 54 2.00
52 55 1.00
52 56 1.00
52 57 30.00
52 58 30.00
52 59 30.00
52 60 1.00
52 61 30.00
52 62 30.00
52 63 30.00
53 0 30.00
53 1 30.00
53 2 30.00
53 3 30.00
53 4 30.00
53 5 1.00
53 6 30.00
53 7 30.00
53 8 30.00
53 9 30.00
53 10 30.00
53 11 30.00
53 12 30.00
53 13 30.00
53 14 30.00
53 15 30.00
53 16 30.00
53 17 30.00
53 18 30.00
53 19 30.00
53 20 30.00
53 21 1.00
53 22 30.00
53 23 30.00
53 24 30.00
53 25 30.00
53 26 30.00
53 27 30.00
53 28 30.00
53 29 30.00
53 30 30.00
53 31 30.00
53 32 30.00
53 33 30.00
53 34 30.00
53 35 30.00
53 36 30.00
53 37 2.00
53 38 30.00
53 39 30.00
53 40 30.00
53 41 30.00
53 42 30.00
53 43 30.00
53 44 30.00
53 45 30.00
53 46 30.00
53 47 30.00
53 48 30.00
53 49 1.00
53 50 30.00
53 51 30.00
53 52 1.00
53 54 2.00
53 55 1.00
53 56 30.00
53 57 2.00
53 58 30.00
53 59 30.00
53 60 30.00
53 61 1.00
53 62 30.00
53 63 30.00
54 0 30.00
54 1 30.00
54 2 30.00
54 3 30.00
54 4 30.00
54 5 30.00
54 6 2.00
54 7 30.00
54 8 30.00
54 9 30.00
54 10 30.00
54 11 30.00
54 12 30.00
54 13 30.00
54 14 30.00
54 15 30.00
54 16 30.00
54 17 30.00
54 18 30.00
54 19 30.00
54 20 30.00
54 21 30.00
54 22 2.00
54 23 30.00
54 24 30.00
54 25 30.00
54 26 30.00
54 27 30.00
54 28 30.00
54 29 30.00
54 30 30.00
54 31 30.00
54 32 30.00
54 33 30.00
54 34 30.00
54 35 30.00
54 36 30.00
54 37 30.00
54 38 2.00
54 39 30.00
54 40 30.00
54 41 30.00
54 42 30.00
54 43 30.00
54 44 30.00
54 45 30.00
54 46 30.00
54 47 30.00
54 48 30.00
54 49 30.00
54 50 2.00
54 51 30.00
54 52 2.00
54 53 2.00
54 55 2.00
54 56 30.00
54 57 30.00
54 58 2.00
54 59 30.00
54 60 30.00
54 61 30.00
54 62 2.00
54 63 30.00
55 0 30.00
55 1 30.00
55 2 30.00
55 3 30.00
55 4 30.00
55 5 30.00
55 6 30.00
55 7 1.00
55 8 30.00
55 9 30.00
55 10 30.00
55 11 30.00
55 12 30.00
55 13 30.00
55 14 30.00
55 15 30.00
55 16 30.00
55 17 30.00
55 18 30.00
55 19 30.00
55 20 30.00
55 21 30.00
55 22 30.00
55 23 1.00
55 24 30.00
55 25 30.00
55 26 30.00
55 27 30.00
55 28 30.00
55 29 30.00
55 30 30.00
55 31 30.00
55 32 30.00
55 33 30.00
55 34 30.00
55 35 30.00
55 36 30.00
55 37 30.00
55 38 30.00
55 39 1.00
55 40 30.00
55 41 30.00
55 42 30.00
55 43 30.00
55 44 30.00
55 45 30.00
55 46 30.00
55 47 30.00
55 48 30.00
55 49 30.00
55 50 30.00
55 51 1.00
55 52 1.00
55 53 1.00
55 54 2.00
55 56 30.00
55 57 30.00
55 58 30.00
55 59 1.00
55 60 30.00
55 61 30.00
55 62 30.00
55 63 1.00
56 0 30.00
56 1 30.00
56 2 30.00
56 3 30.00
56 4 30.00
56 5 30.00
56 6 30.00
56 7 30.00
56 8 1.00
56 9 30.00
56 10 30.00
56 11 30.00
56 12 30.00
56 13 30.00
56 14 30.00
56 15 30.00
56 16 30.00
56 17 30.00
56 18 30.00
56 19 30.00
56 20 30.00
56 21 30.00
56 22 30.00
56 23 30.00
56 24 1.00
56 25 30.00
56 26 30.00
56 27 30.00
56 28 30.00
56 29 30.00
56 30 30.00
56 31 30.00
56 32 30.00
56 33 30.00
56 34 30.00
56 35 30.00
56 36 30.00
56 37 30.00
56 38 30.00
56 39 30.00
56 40 1.00
56 41 30.00
56 42 30.00
56 43 30.00
56 44 30.00
56 45 30.00
56 46 30.00
56 47 30.00
56 48 1.00
56 49 30.00
56 50 30.00
56 51 30.00
56 52 1.00
56 53 30.00
56 54 30.00
56 55 30.00
56 57 2.00
56 58 1.00
56 59 1.00
56 60 1.00
56 61 30.00
56 62 30.00
56 63 30.00
57 0 30.00
57 1 30.00
57 2 30.00
57 3 30.00
57 4 30.00
57 5 30.00
57 6 30.00
57 7 30.00
57 8 30.00
57 9 2.00
57 10 30.00
57 11 30.00
57 12 30.00
57 13 30.00
57 14 30.00
57 15 30.00
57 16 30.00
57 17 30.00
57 18 30.00
57 19 30.00
57 20 30.00
57 21 30.00
57 22 30.00
57 23 30.00
57 24 30.00
57 25 2.00
57 26 30.00
57 27 30.00
57 28 30.00
57 29 30.00
57 30 30.00
57 31 30.00
57 32 30.00
57 33 30.00
57 34 30.00
57 35 30.00
57 36 30.00
57 37 30.00
57 38 30.00
57 39 30.00
57 40 30.00
57 41 2.00
57 42 30.00
57 43 30.00
57 44 30.00
57 45 30.00
57 46 30.00
57 47 30.00
57 48 30.00
57 49 2.00
57 50 30.00
57 51 30.00
57 52 30.00
57 53 2.00
57 54 30.00
57 55 30.00
57 56 2.00
57 58 2.00
57 59 2.00
57 60 30.00
57 61 2.00
57 62 30.00
57 63 30.00
58 0 30.00
58 1 30.00
58 2 30.00
58 3 30.00
58 4 30.00
58 5 30.00
58 6 30.00
58 7 30.00
58 8 30.00
58 9 30.00
58 10 1.00
58 11 30.00
58 12 30.00
58 13 30.00
58 14 30.00
58 15 30.00
58 16 30.00
58 17 30.00
58 18 30.00
58 19 30.00
58 20 30.00
58 21 30.00
58 22 30.00
58 23 30.00
58 24 30.00
58 25 30.00
58 26 1.00
58 27 30.00
58 28 30.00
58 29 30.00
58 30 30.00
58 31 30.00
58 32 30.00
58 33 30.00
58 34 30.00
58 35 30.00
58 36 30.00
58 37 30.00
58 38 30.00
58 39 30.00
58 40 30.00
58 41 30.00
58 42 2.00
58 43 30.00
58 44 30.00
58 45 30.00
58 46 30.00
58 47 30.00
58 48 30.00
58 49 30.00
58 50 1.00
58 51 30.00
58 52 30.00
58 53 30.00
58 54 2.00
58 55 30.00
58 56 1.00
58 57 2.00
58 59 1.00
58 60 30.00
58 61 30.00
58 62 1.00
58 63 30.00
59 0 30.00
59 1 30.00
59 2 30.00
59 3 30.00
59 4 30.00
59 5 30.00
59 6 30.00
59 7 30.00
59 8 30.00
59 9 30.00
59 10 30.00
59 11 1.00
59 12 30.00
59 13 30.00
59 14 30.00
59 15 30.00
59 16 30.00
59 17 30.00
59 18 30.00
59 19 30.00
59 20 30.00
59 21 30.00
59 22 30.00
59 23 30.00
59 24 30.00
59 25 30.00
59 26 30.00
59 27 1.00
59 28 30.00
59 29 30.00
59 30 30.00
59 31 30.00
59 32 30.00
59 33 30.00
59 34 30.00
59 35 30.00
59 36 30.00
59 37 30.00
59 38 30.00
59 39 30.00
59 40 30.00
59 41 30.00
59 42 30.00
59 43 1.00
59 44 30.00
59 45 30.00
59 46 30.00
59 47 30.00
59 48 30.00
59 49 30.00
59 50 30.00
59 51 1.00
59 52 30.00
59 53 30.00
59 54 30.00
59 55 1.00
59 56 1.00
59 57 2.00
59 58 1.00
59 60 30.00
59 61 30.00
59 62 30.00
59 63 1.00
60 0 30.00
60 1 30.00
60 2 30.00
60 3 30.00
60 4 30.00
60 5 30.00
60 6 30.00
60 7 30.00
60 8 30.00
60 9 30.00
60 10 30.00
60 11 30.00
60 12 1.00
60 13 30.00
60 14 30.00
60 15 30.00
60 16 30.00
60 17 30.00
60 18 30.00
60 19 30.00
60 20 30.00
60 21 30.00
60 22 30.00
60 23 30.00
60 24 30.00
60 25 30.00
60 26 30.00
60 27 30.00
60 28 2.00
60 29 30.00
60 30 30.00
60 31 30.00
60 32 30.00
60 33 30.00
60 34 30.00
60 35 30.00
60 36 30.00
60 37 30.00
60 38 30.00
60 39 30.00
60 40 30.00
60 41 30.00
60 42 30.00
60 43 30.00
60 44 1.00
60 45 30.00
60 46 30.00
60 47 30.00
60 48 1.00
60 49 30.00
60 50 30.00
60 51 30.00
60 52 1.00
60 53 30.00
60 54 30.00
60 55 30.00
60 56 1.00
60 57 30.00
60 58 30.00
60 59 30.00
60 61 1.00
60 62 1.00
60 63 1.00
61 0 30.00
61 1 30.00
61 2 30.00
61 3 30.00
61 4 30.00
61 5 30.00
61 6 30.00
61 7 30.00
61 8 30.00
61 9 30.00
61 10 30.00
61 11 30.00
61 12 30.00
61 13 1.00
61 14 30.00
61 15 30.00
61 16 30.00
61 17 30.00
61 18 30.00
61 19 30.00
61 20 30.00
61 21 30.00
61 22 30.00
61 23 30.00
61 24 30.00
61 25 30.00
61 26 30.00
61 27 30.00
61 28 30.00
61 29 1.00
61 30 30.00
61 31 30.00
61 32 30.00
61 33 30.00
61 34 30.00
61 35 30.00
61 36 30.00
61 37 30.00
61 38 30.00
61 39 30.00
61 40 30.00
61 41 30.00
61 42 30.00
61 43 30.00
61 44 30.00
61 45 1.00
61 46 30.00
61 47 30.00
61 48 30.00
61 49 1.00
61 50 30.00
61 51 30.00
61 52 30.00
61 53 1.00
61 54 30.00
61 55 30.00
61 56 30.00
61 57 2.00
61 58 30.00
61 59 30.00
61 60 1.00
61 62 1.00
61 63 1.00
62 0 30.00
62 1 30.00
62 2 30.00
62 3 30.00
62 4 30.00
62 5 30.00
62 6 30.00
62 7 30.00
62 8 30.00
62 9 30.00
62 10 30.00
62 11 30.00
62 12 30.00
62 13 30.00
62 14 1.00
62 15 30.00
62 16 30.00
62 17 30.00
62 18 30.00
62 19 30.00
62 20 30.00
62 21 30.00
62 22 30.00
62 23 30.00
62 24 30.00
62 25 30.00
62 26 30.00
62 27 30.00
62 28 30.00
62 29 30.00
62 30 1.00
62 31 30.00
62 32 30.00
62 33 30.00
62 34 30.00
62 35 30.00
62 36 30.00
62 37 30.00
62 38 30.00
62 39 30.00
62 40 30.00
62 41 30.00
62 42 30.00
62 43 30.00
62 44 30.00
62 45 30.00
62 46 1.00
62 47 30.00
62 48 30.00
62 49 30.00
62 50 1.00
62 51 30.00
62 52 30.00
62 53 30.00
62 54 2.00
62 55 30.00
62 56 30.00
62 57 30.00
62 58 1.00
62 59 30.00
62 60 1.00
62 61 1.00
62 63 1.00
63 0 30.00
63 1 30.00
63 2 30.00
63 3 30.00
63 4 30.00
63 5 30.00
63 6 30.00
63 7 30.00
63 8 30.00
63 9 30.00
63 10 30.00
63 11 30.00
63 12 30.00
63 13 30.00
63 14 30.00
63 15 2.00
63 16 30.00
63 17 30.00
63 18 30.00
63 19 30.00
63 20 30.00
63 21 30.00
63 22 30.00
63 23 30.00
63 24 30.00
63 25 30.00
63 26 30.00
63 27 30.00
63 28 30.00
63 29 30.00
63 30 30.00
63 31 1.00
63 32 30.00
63 33 30.00
63 34 30.00
63 35 30.00
63 36 30.00
63 37 30.00
63 38 30.00
63 39 30.00
63 40 30.00
63 41 30.00
63 42 30.00
63 43 30.00
63 44 30.00
63 45 30.00
63 46 30.00
63 47 1.00
63 48 30.00
63 49 30.00
63 50 30.00
63 51 1.00
63 52 30.00
63 53 30.00
63 54 30.00
63 55 1.00
63 56 30.00
63 57 30.00
63 58 30.00
63 59 1.00
63 60 1.00
63 61 1.00
63 62 1.00
;

set T := 0, 15, 19, 28, 37, 54, 57;

param t0 := 0;

end;
