
data;

param n := 64;

param : E : c :=
0 1 201.00
0 2 204.00
0 3 201.00
0 4 202.00
0 5 100000.00
0 6 100000.00
0 7 100000.00
0 8 208.00
0 9 100000.00
0 10 100000.00
0 11 100000.00
0 12 209.00
0 13 100000.00
0 14 100000.00
0 15 100000.00
0 16 210.00
0 17 100000.00
0 18 100000.00
0 19 100000.00
0 20 100000.00
0 21 100000.00
0 22 100000.00
0 23 100000.00
0 24 100000.00
0 25 100000.00
0 26 100000.00
0 27 100000.00
0 28 100000.00
0 29 100000.00
0 30 100000.00
0 31 100000.00
0 32 204.00
0 33 100000.00
0 34 100000.00
0 35 100000.00
0 36 100000.00
0 37 100000.00
0 38 100000.00
0 39 100000.00
0 40 100000.00
0 41 100000.00
0 42 100000.00
0 43 100000.00
0 44 100000.00
0 45 100000.00
0 46 100000.00
0 47 100000.00
0 48 206.00
0 49 100000.00
0 50 100000.00
0 51 100000.00
0 52 100000.00
0 53 100000.00
0 54 100000.00
0 55 100000.00
0 56 100000.00
0 57 100000.00
0 58 100000.00
0 59 100000.00
0 60 100000.00
0 61 100000.00
0 62 100000.00
0 63 100000.00
1 0 201.00
1 2 105.00
1 3 101.00
1 4 100000.00
1 5 110.00
1 6 100000.00
1 7 100000.00
1 8 100000.00
1 9 102.00
1 10 100000.00
1 11 100000.00
1 12 100000.00
1 13 105.00
1 14 100000.00
1 15 100000.00
1 16 100000.00
1 17 103.00
1 18 100000.00
1 19 100000.00
1 20 100000.00
1 21 100000.00
1 22 100000.00
1 23 100000.00
1 24 100000.00
1 25 100000.00
1 26 100000.00
1 27 100000.00
1 28 100000.00
1 29 100000.00
1 30 100000.00
1 31 100000.00
1 32 100000.00
1 33 107.00
1 34 100000.00
1 35 100000.00
1 36 100000.00
1 37 100000.00
1 38 100000.00
1 39 100000.00
1 40 100000.00
1 41 100000.00
1 42 100000.00
1 43 100000.00
1 44 100000.00
1 45 100000.00
1 46 100000.00
1 47 100000.00
1 48 100000.00
1 49 107.00
1 50 100000.00
1 51 100000.00
1 52 100000.00
1 53 100000.00
1 54 100000.00
1 55 100000.00
1 56 100000.00
1 57 100000.00
1 58 100000.00
1 59 100000.00
1 60 100000.00
1 61 100000.00
1 62 100000.00
1 63 100000.00
2 0 204.00
2 1 105.00
2 3 108.00
2 4 100000.00
2 5 100000.00
2 6 101.00
2 7 100000.00
2 8 100000.00
2 9 100000.00
2 10 101.00
2 11 100000.00
2 12 100000.00
2 13 100000.00
2 14 103.00
2 15 100000.00
2 16 100000.00
2 17 100000.00
2 18 103.00
2 19 100000.00
2 20 100000.00
2 21 100000.00
2 22 100000.00
2 23 100000.00
2 24 100000.00
2 25 100000.00
2 26 100000.00
2 27 100000.00
2 28 100000.00
2 29 100000.00
2 30 100000.00
2 31 100000.00
2 32 100000.00
2 33 100000.00
2 34 101.00
2 35 100000.00
2 36 100000.00
2 37 100000.00
2 38 100000.00
2 39 100000.00
2 40 100000.00
2 41 100000.00
2 42 100000.00
2 43 100000.00
2 44 100000.00
2 45 100000.00
2 46 100000.00
2 47 100000.00
2 48 100000.00
2 49 100000.00
2 50 110.00
2 51 100000.00
2 52 100000.00
2 53 100000.00
2 54 100000.00
2 55 100000.00
2 56 100000.00
2 57 100000.00
2 58 100000.00
2 59 100000.00
2 60 100000.00
2 61 100000.00
2 62 100000.00
2 63 100000.00
3 0 201.00
3 1 101.00
3 2 108.00
3 4 100000.00
3 5 100000.00
3 6 100000.00
3 7 107.00
3 8 100000.00
3 9 100000.00
3 10 100000.00
3 11 107.00
3 12 100000.00
3 13 100000.00
3 14 100000.00
3 15 202.00
3 16 100000.00
3 17 100000.00
3 18 100000.00
3 19 205.00
3 20 100000.00
3 21 100000.00
3 22 100000.00
3 23 100000.00
3 24 100000.00
3 25 100000.00
3 26 100000.00
3 27 100000.00
3 28 100000.00
3 29 100000.00
3 30 100000.00
3 31 100000.00
3 32 100000.00
3 33 100000.00
3 34 100000.00
3 35 108.00
3 36 100000.00
3 37 100000.00
3 38 100000.00
3 39 100000.00
3 40 100000.00
3 41 100000.00
3 42 100000.00
3 43 100000.00
3 44 100000.00
3 45 100000.00
3 46 100000.00
3 47 100000.00
3 48 100000.00
3 49 100000.00
3 50 100000.00
3 51 105.00
3 52 100000.00
3 53 100000.00
3 54 100000.00
3 55 100000.00
3 56 100000.00
3 57 100000.00
3 58 100000.00
3 59 100000.00
3 60 100000.00
3 61 100000.00
3 62 100000.00
3 63 100000.00
4 0 202.00
4 1 100000.00
4 2 100000.00
4 3 100000.00
4 5 108.00
4 6 104.00
4 7 105.00
4 8 101.00
4 9 100000.00
4 10 100000.00
4 11 100000.00
4 12 110.00
4 13 100000.00
4 14 100000.00
4 15 100000.00
4 16 100000.00
4 17 100000.00
4 18 100000.00
4 19 100000.00
4 20 102.00
4 21 100000.00
4 22 100000.00
4 23 100000.00
4 24 100000.00
4 25 100000.00
4 26 100000.00
4 27 100000.00
4 28 100000.00
4 29 100000.00
4 30 100000.00
4 31 100000.00
4 32 100000.00
4 33 100000.00
4 34 100000.00
4 35 100000.00
4 36 108.00
4 37 100000.00
4 38 100000.00
4 39 100000.00
4 40 100000.00
4 41 100000.00
4 42 100000.00
4 43 100000.00
4 44 100000.00
4 45 100000.00
4 46 100000.00
4 47 100000.00
4 48 100000.00
4 49 100000.00
4 50 100000.00
4 51 100000.00
4 52 104.00
4 53 100000.00
4 54 100000.00
4 55 100000.00
4 56 100000.00
4 57 100000.00
4 58 100000.00
4 59 100000.00
4 60 100000.00
4 61 100000.00
4 62 100000.00
4 63 100000.00
5 0 100000.00
5 1 110.00
5 2 100000.00
5 3 100000.00
5 4 108.00
5 6 108.00
5 7 106.00
5 8 100000.00
5 9 110.00
5 10 100000.00
5 11 100000.00
5 12 100000.00
5 13 108.00
5 14 100000.00
5 15 100000.00
5 16 100000.00
5 17 100000.00
5 18 100000.00
5 19 100000.00
5 20 100000.00
5 21 102.00
5 22 100000.00
5 23 100000.00
5 24 100000.00
5 25 100000.00
5 26 100000.00
5 27 100000.00
5 28 100000.00
5 29 100000.00
5 30 100000.00
5 31 100000.00
5 32 100000.00
5 33 100000.00
5 34 100000.00
5 35 100000.00
5 36 100000.00
5 37 203.00
5 38 100000.00
5 39 100000.00
5 40 100000.00
5 41 100000.00
5 42 100000.00
5 43 100000.00
5 44 100000.00
5 45 100000.00
5 46 100000.00
5 47 100000.00
5 48 100000.00
5 49 100000.00
5 50 100000.00
5 51 100000.00
5 52 100000.00
5 53 106.00
5 54 100000.00
5 55 100000.00
5 56 100000.00
5 57 100000.00
5 58 100000.00
5 59 100000.00
5 60 100000.00
5 61 100000.00
5 62 100000.00
5 63 100000.00
6 0 100000.00
6 1 100000.00
6 2 101.00
6 3 100000.00
6 4 104.00
6 5 108.00
6 7 102.00
6 8 100000.00
6 9 100000.00
6 10 104.00
6 11 100000.00
6 12 100000.00
6 13 100000.00
6 14 105.00
6 15 100000.00
6 16 100000.00
6 17 100000.00
6 18 100000.00
6 19 100000.00
6 20 100000.00
6 21 100000.00
6 22 102.00
6 23 100000.00
6 24 100000.00
6 25 100000.00
6 26 100000.00
6 27 100000.00
6 28 100000.00
6 29 100000.00
6 30 100000.00
6 31 100000.00
6 32 100000.00
6 33 100000.00
6 34 100000.00
6 35 100000.00
6 36 100000.00
6 37 100000.00
6 38 102.00
6 39 100000.00
6 40 100000.00
6 41 100000.00
6 42 100000.00
6 43 100000.00
6 44 100000.00
6 45 100000.00
6 46 100000.00
6 47 100000.00
6 48 100000.00
6 49 100000.00
6 50 100000.00
6 51 100000.00
6 52 100000.00
6 53 100000.00
6 54 210.00
6 55 100000.00
6 56 100000.00
6 57 100000.00
6 58 100000.00
6 59 100000.00
6 60 100000.00
6 61 100000.00
6 62 100000.00
6 63 100000.00
7 0 100000.00
7 1 100000.00
7 2 100000.00
7 3 107.00
7 4 105.00
7 5 106.00
7 6 102.00
7 8 100000.00
7 9 100000.00
7 10 100000.00
7 11 110.00
7 12 100000.00
7 13 100000.00
7 14 100000.00
7 15 206.00
7 16 100000.00
7 17 100000.00
7 18 100000.00
7 19 100000.00
7 20 100000.00
7 21 100000.00
7 22 100000.00
7 23 110.00
7 24 100000.00
7 25 100000.00
7 26 100000.00
7 27 100000.00
7 28 100000.00
7 29 100000.00
7 30 100000.00
7 31 100000.00
7 32 100000.00
7 33 100000.00
7 34 100000.00
7 35 100000.00
7 36 100000.00
7 37 100000.00
7 38 100000.00
7 39 104.00
7 40 100000.00
7 41 100000.00
7 42 100000.00
7 43 100000.00
7 44 100000.00
7 45 100000.00
7 46 100000.00
7 47 100000.00
7 48 100000.00
7 49 100000.00
7 50 100000.00
7 51 100000.00
7 52 100000.00
7 53 100000.00
7 54 100000.00
7 55 110.00
7 56 100000.00
7 57 100000.00
7 58 100000.00
7 59 100000.00
7 60 100000.00
7 61 100000.00
7 62 100000.00
7 63 100000.00
8 0 208.00
8 1 100000.00
8 2 100000.00
8 3 100000.00
8 4 101.00
8 5 100000.00
8 6 100000.00
8 7 100000.00
8 9 102.00
8 10 102.00
8 11 104.00
8 12 109.00
8 13 100000.00
8 14 100000.00
8 15 100000.00
8 16 100000.00
8 17 100000.00
8 18 100000.00
8 19 100000.00
8 20 100000.00
8 21 100000.00
8 22 100000.00
8 23 100000.00
8 24 107.00
8 25 100000.00
8 26 100000.00
8 27 100000.00
8 28 100000.00
8 29 100000.00
8 30 100000.00
8 31 100000.00
8 32 100000.00
8 33 100000.00
8 34 100000.00
8 35 100000.00
8 36 100000.00
8 37 100000.00
8 38 100000.00
8 39 100000.00
8 40 107.00
8 41 100000.00
8 42 100000.00
8 43 100000.00
8 44 100000.00
8 45 100000.00
8 46 100000.00
8 47 100000.00
8 48 100000.00
8 49 100000.00
8 50 100000.00
8 51 100000.00
8 52 100000.00
8 53 100000.00
8 54 100000.00
8 55 100000.00
8 56 109.00
8 57 100000.00
8 58 100000.00
8 59 100000.00
8 60 100000.00
8 61 100000.00
8 62 100000.00
8 63 100000.00
9 0 100000.00
9 1 102.00
9 2 100000.00
9 3 100000.00
9 4 100000.00
9 5 110.00
9 6 100000.00
9 7 100000.00
9 8 102.00
9 10 109.00
9 11 102.00
9 12 100000.00
9 13 109.00
9 14 100000.00
9 15 100000.00
9 16 100000.00
9 17 100000.00
9 18 100000.00
9 19 100000.00
9 20 100000.00
9 21 100000.00
9 22 100000.00
9 23 100000.00
9 24 100000.00
9 25 109.00
9 26 100000.00
9 27 100000.00
9 28 100000.00
9 29 100000.00
9 30 100000.00
9 31 100000.00
9 32 100000.00
9 33 100000.00
9 34 100000.00
9 35 100000.00
9 36 100000.00
9 37 100000.00
9 38 100000.00
9 39 100000.00
9 40 100000.00
9 41 107.00
9 42 100000.00
9 43 100000.00
9 44 100000.00
9 45 100000.00
9 46 100000.00
9 47 100000.00
9 48 100000.00
9 49 100000.00
9 50 100000.00
9 51 100000.00
9 52 100000.00
9 53 100000.00
9 54 100000.00
9 55 100000.00
9 56 100000.00
9 57 202.00
9 58 100000.00
9 59 100000.00
9 60 100000.00
9 61 100000.00
9 62 100000.00
9 63 100000.00
10 0 100000.00
10 1 100000.00
10 2 101.00
10 3 100000.00
10 4 100000.00
10 5 100000.00
10 6 104.00
10 7 100000.00
10 8 102.00
10 9 109.00
10 11 106.00
10 12 100000.00
10 13 100000.00
10 14 103.00
10 15 100000.00
10 16 100000.00
10 17 100000.00
10 18 100000.00
10 19 100000.00
10 20 100000.00
10 21 100000.00
10 22 100000.00
10 23 100000.00
10 24 100000.00
10 25 100000.00
10 26 103.00
10 27 100000.00
10 28 100000.00
10 29 100000.00
10 30 100000.00
10 31 100000.00
10 32 100000.00
10 33 100000.00
10 34 100000.00
10 35 100000.00
10 36 100000.00
10 37 100000.00
10 38 100000.00
10 39 100000.00
10 40 100000.00
10 41 100000.00
10 42 208.00
10 43 100000.00
10 44 100000.00
10 45 100000.00
10 46 100000.00
10 47 100000.00
10 48 100000.00
10 49 100000.00
10 50 100000.00
10 51 100000.00
10 52 100000.00
10 53 100000.00
10 54 100000.00
10 55 100000.00
10 56 100000.00
10 57 100000.00
10 58 110.00
10 59 100000.00
10 60 100000.00
10 61 100000.00
10 62 100000.00
10 63 100000.00
11 0 100000.00
11 1 100000.00
11 2 100000.00
11 3 107.00
11 4 100000.00
11 5 100000.00
11 6 100000.00
11 7 110.00
11 8 104.00
11 9 102.00
11 10 106.00
11 12 100000.00
11 13 100000.00
11 14 100000.00
11 15 208.00
11 16 100000.00
11 17 100000.00
11 18 100000.00
11 19 100000.00
11 20 100000.00
11 21 100000.00
11 22 100000.00
11 23 100000.00
11 24 100000.00
11 25 100000.00
11 26 100000.00
11 27 103.00
11 28 100000.00
11 29 100000.00
11 30 100000.00
11 31 100000.00
11 32 100000.00
11 33 100000.00
11 34 100000.00
11 35 100000.00
11 36 100000.00
11 37 100000.00
11 38 100000.00
11 39 100000.00
11 40 100000.00
11 41 100000.00
11 42 100000.00
11 43 108.00
11 44 100000.00
11 45 100000.00
11 46 100000.00
11 47 100000.00
11 48 100000.00
11 49 100000.00
11 50 100000.00
11 51 100000.00
11 52 100000.00
11 53 100000.00
11 54 100000.00
11 55 100000.00
11 56 100000.00
11 57 100000.00
11 58 100000.00
11 59 101.00
11 60 100000.00
11 61 100000.00
11 62 100000.00
11 63 100000.00
12 0 209.00
12 1 100000.00
12 2 100000.00
12 3 100000.00
12 4 110.00
12 5 100000.00
12 6 100000.00
12 7 100000.00
12 8 109.00
12 9 100000.00
12 10 100000.00
12 11 100000.00
12 13 102.00
12 14 103.00
12 15 201.00
12 16 100000.00
12 17 100000.00
12 18 100000.00
12 19 100000.00
12 20 100000.00
12 21 100000.00
12 22 100000.00
12 23 100000.00
12 24 100000.00
12 25 100000.00
12 26 100000.00
12 27 100000.00
12 28 202.00
12 29 100000.00
12 30 100000.00
12 31 100000.00
12 32 100000.00
12 33 100000.00
12 34 100000.00
12 35 100000.00
12 36 100000.00
12 37 100000.00
12 38 100000.00
12 39 100000.00
12 40 100000.00
12 41 100000.00
12 42 100000.00
12 43 100000.00
12 44 108.00
12 45 100000.00
12 46 100000.00
12 47 100000.00
12 48 100000.00
12 49 100000.00
12 50 100000.00
12 51 100000.00
12 52 100000.00
12 53 100000.00
12 54 100000.00
12 55 100000.00
12 56 100000.00
12 57 100000.00
12 58 100000.00
12 59 100000.00
12 60 109.00
12 61 100000.00
12 62 100000.00
12 63 100000.00
13 0 100000.00
13 1 105.00
13 2 100000.00
13 3 100000.00
13 4 100000.00
13 5 108.00
13 6 100000.00
13 7 100000.00
13 8 100000.00
13 9 109.00
13 10 100000.00
13 11 100000.00
13 12 102.00
13 14 106.00
13 15 207.00
13 16 100000.00
13 17 100000.00
13 18 100000.00
13 19 100000.00
13 20 100000.00
13 21 100000.00
13 22 100000.00
13 23 100000.00
13 24 100000.00
13 25 100000.00
13 26 100000.00
13 27 100000.00
13 28 100000.00
13 29 101.00
13 30 100000.00
13 31 100000.00
13 32 100000.00
13 33 100000.00
13 34 100000.00
13 35 100000.00
13 36 100000.00
13 37 100000.00
13 38 100000.00
13 39 100000.00
13 40 100000.00
13 41 100000.00
13 42 100000.00
13 43 100000.00
13 44 100000.00
13 45 102.00
13 46 100000.00
13 47 100000.00
13 48 100000.00
13 49 100000.00
13 50 100000.00
13 51 100000.00
13 52 100000.00
13 53 100000.00
13 54 100000.00
13 55 100000.00
13 56 100000.00
13 57 100000.00
13 58 100000.00
13 59 100000.00
13 60 100000.00
13 61 109.00
13 62 100000.00
13 63 100000.00
14 0 100000.00
14 1 100000.00
14 2 103.00
14 3 100000.00
14 4 100000.00
14 5 100000.00
14 6 105.00
14 7 100000.00
14 8 100000.00
14 9 100000.00
14 10 103.00
14 11 100000.00
14 12 103.00
14 13 106.00
14 15 209.00
14 16 100000.00
14 17 100000.00
14 18 100000.00
14 19 100000.00
14 20 100000.00
14 21 100000.00
14 22 100000.00
14 23 100000.00
14 24 100000.00
14 25 100000.00
14 26 100000.00
14 27 100000.00
14 28 100000.00
14 29 100000.00
14 30 110.00
14 31 100000.00
14 32 100000.00
14 33 100000.00
14 34 100000.00
14 35 100000.00
14 36 100000.00
14 37 100000.00
14 38 100000.00
14 39 100000.00
14 40 100000.00
14 41 100000.00
14 42 100000.00
14 43 100000.00
14 44 100000.00
14 45 100000.00
14 46 103.00
14 47 100000.00
14 48 100000.00
14 49 100000.00
14 50 100000.00
14 51 100000.00
14 52 100000.00
14 53 100000.00
14 54 100000.00
14 55 100000.00
14 56 100000.00
14 57 100000.00
14 58 100000.00
14 59 100000.00
14 60 100000.00
14 61 100000.00
14 62 104.00
14 63 100000.00
15 0 100000.00
15 1 100000.00
15 2 100000.00
15 3 202.00
15 4 100000.00
15 5 100000.00
15 6 100000.00
15 7 206.00
15 8 100000.00
15 9 100000.00
15 10 100000.00
15 11 208.00
15 12 201.00
15 13 207.00
15 14 209.00
15 16 100000.00
15 17 100000.00
15 18 100000.00
15 19 100000.00
15 20 100000.00
15 21 100000.00
15 22 100000.00
15 23 100000.00
15 24 100000.00
15 25 100000.00
15 26 100000.00
15 27 100000.00
15 28 100000.00
15 29 100000.00
15 30 100000.00
15 31 208.00
15 32 100000.00
15 33 100000.00
15 34 100000.00
15 35 100000.00
15 36 100000.00
15 37 100000.00
15 38 100000.00
15 39 100000.00
15 40 100000.00
15 41 100000.00
15 42 100000.00
15 43 100000.00
15 44 100000.00
15 45 100000.00
15 46 100000.00
15 47 209.00
15 48 100000.00
15 49 100000.00
15 50 100000.00
15 51 100000.00
15 52 100000.00
15 53 100000.00
15 54 100000.00
15 55 100000.00
15 56 100000.00
15 57 100000.00
15 58 100000.00
15 59 100000.00
15 60 100000.00
15 61 100000.00
15 62 100000.00
15 63 206.00
16 0 210.00
16 1 100000.00
16 2 100000.00
16 3 100000.00
16 4 100000.00
16 5 100000.00
16 6 100000.00
16 7 100000.00
16 8 100000.00
16 9 100000.00
16 10 100000.00
16 11 100000.00
16 12 100000.00
16 13 100000.00
16 14 100000.00
16 15 100000.00
16 17 104.00
16 18 110.00
16 19 210.00
16 20 106.00
16 21 100000.00
16 22 100000.00
16 23 100000.00
16 24 105.00
16 25 100000.00
16 26 100000.00
16 27 100000.00
16 28 205.00
16 29 100000.00
16 30 100000.00
16 31 100000.00
16 32 104.00
16 33 100000.00
16 34 100000.00
16 35 100000.00
16 36 100000.00
16 37 100000.00
16 38 100000.00
16 39 100000.00
16 40 100000.00
16 41 100000.00
16 42 100000.00
16 43 100000.00
16 44 100000.00
16 45 100000.00
16 46 100000.00
16 47 100000.00
16 48 102.00
16 49 100000.00
16 50 100000.00
16 51 100000.00
16 52 100000.00
16 53 100000.00
16 54 100000.00
16 55 100000.00
16 56 100000.00
16 57 100000.00
16 58 100000.00
16 59 100000.00
16 60 100000.00
16 61 100000.00
16 62 100000.00
16 63 100000.00
17 0 100000.00
17 1 103.00
17 2 100000.00
17 3 100000.00
17 4 100000.00
17 5 100000.00
17 6 100000.00
17 7 100000.00
17 8 100000.00
17 9 100000.00
17 10 100000.00
17 11 100000.00
17 12 100000.00
17 13 100000.00
17 14 100000.00
17 15 100000.00
17 16 104.00
17 18 104.00
17 19 208.00
17 20 100000.00
17 21 109.00
17 22 100000.00
17 23 100000.00
17 24 100000.00
17 25 109.00
17 26 100000.00
17 27 100000.00
17 28 100000.00
17 29 105.00
17 30 100000.00
17 31 100000.00
17 32 100000.00
17 33 105.00
17 34 100000.00
17 35 100000.00
17 36 100000.00
17 37 100000.00
17 38 100000.00
17 39 100000.00
17 40 100000.00
17 41 100000.00
17 42 100000.00
17 43 100000.00
17 44 100000.00
17 45 100000.00
17 46 100000.00
17 47 100000.00
17 48 100000.00
17 49 110.00
17 50 100000.00
17 51 100000.00
17 52 100000.00
17 53 100000.00
17 54 100000.00
17 55 100000.00
17 56 100000.00
17 57 100000.00
17 58 100000.00
17 59 100000.00
17 60 100000.00
17 61 100000.00
17 62 100000.00
17 63 100000.00
18 0 100000.00
18 1 100000.00
18 2 103.00
18 3 100000.00
18 4 100000.00
18 5 100000.00
18 6 100000.00
18 7 100000.00
18 8 100000.00
18 9 100000.00
18 10 100000.00
18 11 100000.00
18 12 100000.00
18 13 100000.00
18 14 100000.00
18 15 100000.00
18 16 110.00
18 17 104.00
18 19 204.00
18 20 100000.00
18 21 100000.00
18 22 107.00
18 23 100000.00
18 24 100000.00
18 25 100000.00
18 26 107.00
18 27 100000.00
18 28 100000.00
18 29 100000.00
18 30 110.00
18 31 100000.00
18 32 100000.00
18 33 100000.00
18 34 102.00
18 35 100000.00
18 36 100000.00
18 37 100000.00
18 38 100000.00
18 39 100000.00
18 40 100000.00
18 41 100000.00
18 42 100000.00
18 43 100000.00
18 44 100000.00
18 45 100000.00
18 46 100000.00
18 47 100000.00
18 48 100000.00
18 49 100000.00
18 50 106.00
18 51 100000.00
18 52 100000.00
18 53 100000.00
18 54 100000.00
18 55 100000.00
18 56 100000.00
18 57 100000.00
18 58 100000.00
18 59 100000.00
18 60 100000.00
18 61 100000.00
18 62 100000.00
18 63 100000.00
19 0 100000.00
19 1 100000.00
19 2 100000.00
19 3 205.00
19 4 100000.00
19 5 100000.00
19 6 100000.00
19 7 100000.00
19 8 100000.00
19 9 100000.00
19 10 100000.00
19 11 100000.00
19 12 100000.00
19 13 100000.00
19 14 100000.00
19 15 100000.00
19 16 210.00
19 17 208.00
19 18 204.00
19 20 100000.00
19 21 100000.00
19 22 100000.00
19 23 206.00
19 24 100000.00
19 25 100000.00
19 26 100000.00
19 27 203.00
19 28 100000.00
19 29 100000.00
19 30 100000.00
19 31 210.00
19 32 100000.00
19 33 100000.00
19 34 100000.00
19 35 208.00
19 36 100000.00
19 37 100000.00
19 38 100000.00
19 39 100000.00
19 40 100000.00
19 41 100000.00
19 42 100000.00
19 43 100000.00
19 44 100000.00
19 45 100000.00
19 46 100000.00
19 47 100000.00
19 48 100000.00
19 49 100000.00
19 50 100000.00
19 51 209.00
19 52 100000.00
19 53 100000.00
19 54 100000.00
19 55 100000.00
19 56 100000.00
19 57 100000.00
19 58 100000.00
19 59 100000.00
19 60 100000.00
19 61 100000.00
19 62 100000.00
19 63 100000.00
20 0 100000.00
20 1 100000.00
20 2 100000.00
20 3 100000.00
20 4 102.00
20 5 100000.00
20 6 100000.00
20 7 100000.00
20 8 100000.00
20 9 100000.00
20 10 100000.00
20 11 100000.00
20 12 100000.00
20 13 100000.00
20 14 100000.00
20 15 100000.00
20 16 106.00
20 17 100000.00
20 18 100000.00
20 19 100000.00
20 21 101.00
20 22 102.00
20 23 107.00
20 24 106.00
20 25 100000.00
20 26 100000.00
20 27 100000.00
20 28 207.00
20 29 100000.00
20 30 100000.00
20 31 100000.00
20 32 100000.00
20 33 100000.00
20 34 100000.00
20 35 100000.00
20 36 104.00
20 37 100000.00
20 38 100000.00
20 39 100000.00
20 40 100000.00
20 41 100000.00
20 42 100000.00
20 43 100000.00
20 44 100000.00
20 45 100000.00
20 46 100000.00
20 47 100000.00
20 48 100000.00
20 49 100000.00
20 50 100000.00
20 51 100000.00
20 52 102.00
20 53 100000.00
20 54 100000.00
20 55 100000.00
20 56 100000.00
20 57 100000.00
20 58 100000.00
20 59 100000.00
20 60 100000.00
20 61 100000.00
20 62 100000.00
20 63 100000.00
21 0 100000.00
21 1 100000.00
21 2 100000.00
21 3 100000.00
21 4 100000.00
21 5 102.00
21 6 100000.00
21 7 100000.00
21 8 100000.00
21 9 100000.00
21 10 100000.00
21 11 100000.00
21 12 100000.00
21 13 100000.00
21 14 100000.00
21 15 100000.00
21 16 100000.00
21 17 109.00
21 18 100000.00
21 19 100000.00
21 20 101.00
21 22 104.00
21 23 104.00
21 24 100000.00
21 25 108.00
21 26 100000.00
21 27 100000.00
21 28 100000.00
21 29 102.00
21 30 100000.00
21 31 100000.00
21 32 100000.00
21 33 100000.00
21 34 100000.00
21 35 100000.00
21 36 100000.00
21 37 203.00
21 38 100000.00
21 39 100000.00
21 40 100000.00
21 41 100000.00
21 42 100000.00
21 43 100000.00
21 44 100000.00
21 45 100000.00
21 46 100000.00
21 47 100000.00
21 48 100000.00
21 49 100000.00
21 50 100000.00
21 51 100000.00
21 52 100000.00
21 53 109.00
21 54 100000.00
21 55 100000.00
21 56 100000.00
21 57 100000.00
21 58 100000.00
21 59 100000.00
21 60 100000.00
21 61 100000.00
21 62 100000.00
21 63 100000.00
22 0 100000.00
22 1 100000.00
22 2 100000.00
22 3 100000.00
22 4 100000.00
22 5 100000.00
22 6 102.00
22 7 100000.00
22 8 100000.00
22 9 100000.00
22 10 100000.00
22 11 100000.00
22 12 100000.00
22 13 100000.00
22 14 100000.00
22 15 100000.00
22 16 100000.00
22 17 100000.00
22 18 107.00
22 19 100000.00
22 20 102.00
22 21 104.00
22 23 106.00
22 24 100000.00
22 25 100000.00
22 26 110.00
22 27 100000.00
22 28 100000.00
22 29 100000.00
22 30 102.00
22 31 100000.00
22 32 100000.00
22 33 100000.00
22 34 100000.00
22 35 100000.00
22 36 100000.00
22 37 100000.00
22 38 104.00
22 39 100000.00
22 40 100000.00
22 41 100000.00
22 42 100000.00
22 43 100000.00
22 44 100000.00
22 45 100000.00
22 46 100000.00
22 47 100000.00
22 48 100000.00
22 49 100000.00
22 50 100000.00
22 51 100000.00
22 52 100000.00
22 53 100000.00
22 54 205.00
22 55 100000.00
22 56 100000.00
22 57 100000.00
22 58 100000.00
22 59 100000.00
22 60 100000.00
22 61 100000.00
22 62 100000.00
22 63 100000.00
23 0 100000.00
23 1 100000.00
23 2 100000.00
23 3 100000.00
23 4 100000.00
23 5 100000.00
23 6 100000.00
23 7 110.00
23 8 100000.00
23 9 100000.00
23 10 100000.00
23 11 100000.00
23 12 100000.00
23 13 100000.00
23 14 100000.00
23 15 100000.00
23 16 100000.00
23 17 100000.00
23 18 100000.00
23 19 206.00
23 20 107.00
23 21 104.00
23 22 106.00
23 24 100000.00
23 25 100000.00
23 26 100000.00
23 27 105.00
23 28 100000.00
23 29 100000.00
23 30 100000.00
23 31 110.00
23 32 100000.00
23 33 100000.00
23 34 100000.00
23 35 100000.00
23 36 100000.00
23 37 100000.00
23 38 100000.00
23 39 103.00
23 40 100000.00
23 41 100000.00
23 42 100000.00
23 43 100000.00
23 44 100000.00
23 45 100000.00
23 46 100000.00
23 47 100000.00
23 48 100000.00
23 49 100000.00
23 50 100000.00
23 51 100000.00
23 52 100000.00
23 53 100000.00
23 54 100000.00
23 55 104.00
23 56 100000.00
23 57 100000.00
23 58 100000.00
23 59 100000.00
23 60 100000.00
23 61 100000.00
23 62 100000.00
23 63 100000.00
24 0 100000.00
24 1 100000.00
24 2 100000.00
24 3 100000.00
24 4 100000.00
24 5 100000.00
24 6 100000.00
24 7 100000.00
24 8 107.00
24 9 100000.00
24 10 100000.00
24 11 100000.00
24 12 100000.00
24 13 100000.00
24 14 100000.00
24 15 100000.00
24 16 105.00
24 17 100000.00
24 18 100000.00
24 19 100000.00
24 20 106.00
24 21 100000.00
24 22 100000.00
24 23 100000.00
24 25 110.00
24 26 102.00
24 27 101.00
24 28 204.00
24 29 100000.00
24 30 100000.00
24 31 100000.00
24 32 100000.00
24 33 100000.00
24 34 100000.00
24 35 100000.00
24 36 100000.00
24 37 100000.00
24 38 100000.00
24 39 100000.00
24 40 108.00
24 41 100000.00
24 42 100000.00
24 43 100000.00
24 44 100000.00
24 45 100000.00
24 46 100000.00
24 47 100000.00
24 48 100000.00
24 49 100000.00
24 50 100000.00
24 51 100000.00
24 52 100000.00
24 53 100000.00
24 54 100000.00
24 55 100000.00
24 56 109.00
24 57 100000.00
24 58 100000.00
24 59 100000.00
24 60 100000.00
24 61 100000.00
24 62 100000.00
24 63 100000.00
25 0 100000.00
25 1 100000.00
25 2 100000.00
25 3 100000.00
25 4 100000.00
25 5 100000.00
25 6 100000.00
25 7 100000.00
25 8 100000.00
25 9 109.00
25 10 100000.00
25 11 100000.00
25 12 100000.00
25 13 100000.00
25 14 100000.00
25 15 100000.00
25 16 100000.00
25 17 109.00
25 18 100000.00
25 19 100000.00
25 20 100000.00
25 21 108.00
25 22 100000.00
25 23 100000.00
25 24 110.00
25 26 101.00
25 27 110.00
25 28 100000.00
25 29 104.00
25 30 100000.00
25 31 100000.00
25 32 100000.00
25 33 100000.00
25 34 100000.00
25 35 100000.00
25 36 100000.00
25 37 100000.00
25 38 100000.00
25 39 100000.00
25 40 100000.00
25 41 110.00
25 42 100000.00
25 43 100000.00
25 44 100000.00
25 45 100000.00
25 46 100000.00
25 47 100000.00
25 48 100000.00
25 49 100000.00
25 50 100000.00
25 51 100000.00
25 52 100000.00
25 53 100000.00
25 54 100000.00
25 55 100000.00
25 56 100000.00
25 57 210.00
25 58 100000.00
25 59 100000.00
25 60 100000.00
25 61 100000.00
25 62 100000.00
25 63 100000.00
26 0 100000.00
26 1 100000.00
26 2 100000.00
26 3 100000.00
26 4 100000.00
26 5 100000.00
26 6 100000.00
26 7 100000.00
26 8 100000.00
26 9 100000.00
26 10 103.00
26 11 100000.00
26 12 100000.00
26 13 100000.00
26 14 100000.00
26 15 100000.00
26 16 100000.00
26 17 100000.00
26 18 107.00
26 19 100000.00
26 20 100000.00
26 21 100000.00
26 22 110.00
26 23 100000.00
26 24 102.00
26 25 101.00
26 27 106.00
26 28 100000.00
26 29 100000.00
26 30 107.00
26 31 100000.00
26 32 100000.00
26 33 100000.00
26 34 100000.00
26 35 100000.00
26 36 100000.00
26 37 100000.00
26 38 100000.00
26 39 100000.00
26 40 100000.00
26 41 100000.00
26 42 205.00
26 43 100000.00
26 44 100000.00
26 45 100000.00
26 46 100000.00
26 47 100000.00
26 48 100000.00
26 49 100000.00
26 50 100000.00
26 51 100000.00
26 52 100000.00
26 53 100000.00
26 54 100000.00
26 55 100000.00
26 56 100000.00
26 57 100000.00
26 58 108.00
26 59 100000.00
26 60 100000.00
26 61 100000.00
26 62 100000.00
26 63 100000.00
27 0 100000.00
27 1 100000.00
27 2 100000.00
27 3 100000.00
27 4 100000.00
27 5 100000.00
27 6 100000.00
27 7 100000.00
27 8 100000.00
27 9 100000.00
27 10 100000.00
27 11 103.00
27 12 100000.00
27 13 100000.00
27 14 100000.00
27 15 100000.00
27 16 100000.00
27 17 100000.00
27 18 100000.00
27 19 203.00
27 20 100000.00
27 21 100000.00
27 22 100000.00
27 23 105.00
27 24 101.00
27 25 110.00
27 26 106.00
27 28 100000.00
27 29 100000.00
27 30 100000.00
27 31 102.00
27 32 100000.00
27 33 100000.00
27 34 100000.00
27 35 100000.00
27 36 100000.00
27 37 100000.00
27 38 100000.00
27 39 100000.00
27 40 100000.00
27 41 100000.00
27 42 100000.00
27 43 103.00
27 44 100000.00
27 45 100000.00
27 46 100000.00
27 47 100000.00
27 48 100000.00
27 49 100000.00
27 50 100000.00
27 51 100000.00
27 52 100000.00
27 53 100000.00
27 54 100000.00
27 55 100000.00
27 56 100000.00
27 57 100000.00
27 58 100000.00
27 59 106.00
27 60 100000.00
27 61 100000.00
27 62 100000.00
27 63 100000.00
28 0 100000.00
28 1 100000.00
28 2 100000.00
28 3 100000.00
28 4 100000.00
28 5 100000.00
28 6 100000.00
28 7 100000.00
28 8 100000.00
28 9 100000.00
28 10 100000.00
28 11 100000.00
28 12 202.00
28 13 100000.00
28 14 100000.00
28 15 100000.00
28 16 205.00
28 17 100000.00
28 18 100000.00
28 19 100000.00
28 20 207.00
28 21 100000.00
28 22 100000.00
28 23 100000.00
28 24 204.00
28 25 100000.00
28 26 100000.00
28 27 100000.00
28 29 202.00
28 30 202.00
28 31 203.00
28 32 100000.00
28 33 100000.00
28 34 100000.00
28 35 100000.00
28 36 100000.00
28 37 100000.00
28 38 100000.00
28 39 100000.00
28 40 100000.00
28 41 100000.00
28 42 100000.00
28 43 100000.00
28 44 207.00
28 45 100000.00
28 46 100000.00
28 47 100000.00
28 48 100000.00
28 49 100000.00
28 50 100000.00
28 51 100000.00
28 52 100000.00
28 53 100000.00
28 54 100000.00
28 55 100000.00
28 56 100000.00
28 57 100000.00
28 58 100000.00
28 59 100000.00
28 60 206.00
28 61 100000.00
28 62 100000.00
28 63 100000.00
29 0 100000.00
29 1 100000.00
29 2 100000.00
29 3 100000.00
29 4 100000.00
29 5 100000.00
29 6 100000.00
29 7 100000.00
29 8 100000.00
29 9 100000.00
29 10 100000.00
29 11 100000.00
29 12 100000.00
29 13 101.00
29 14 100000.00
29 15 100000.00
29 16 100000.00
29 17 105.00
29 18 100000.00
29 19 100000.00
29 20 100000.00
29 21 102.00
29 22 100000.00
29 23 100000.00
29 24 100000.00
29 25 104.00
29 26 100000.00
29 27 100000.00
29 28 202.00
29 30 102.00
29 31 101.00
29 32 100000.00
29 33 100000.00
29 34 100000.00
29 35 100000.00
29 36 100000.00
29 37 100000.00
29 38 100000.00
29 39 100000.00
29 40 100000.00
29 41 100000.00
29 42 100000.00
29 43 100000.00
29 44 100000.00
29 45 108.00
29 46 100000.00
29 47 100000.00
29 48 100000.00
29 49 100000.00
29 50 100000.00
29 51 100000.00
29 52 100000.00
29 53 100000.00
29 54 100000.00
29 55 100000.00
29 56 100000.00
29 57 100000.00
29 58 100000.00
29 59 100000.00
29 60 100000.00
29 61 103.00
29 62 100000.00
29 63 100000.00
30 0 100000.00
30 1 100000.00
30 2 100000.00
30 3 100000.00
30 4 100000.00
30 5 100000.00
30 6 100000.00
30 7 100000.00
30 8 100000.00
30 9 100000.00
30 10 100000.00
30 11 100000.00
30 12 100000.00
30 13 100000.00
30 14 110.00
30 15 100000.00
30 16 100000.00
30 17 100000.00
30 18 110.00
30 19 100000.00
30 20 100000.00
30 21 100000.00
30 22 102.00
30 23 100000.00
30 24 100000.00
30 25 100000.00
30 26 107.00
30 27 100000.00
30 28 202.00
30 29 102.00
30 31 109.00
30 32 100000.00
30 33 100000.00
30 34 100000.00
30 35 100000.00
30 36 100000.00
30 37 100000.00
30 38 100000.00
30 39 100000.00
30 40 100000.00
30 41 100000.00
30 42 100000.00
30 43 100000.00
30 44 100000.00
30 45 100000.00
30 46 102.00
30 47 100000.00
30 48 100000.00
30 49 100000.00
30 50 100000.00
30 51 100000.00
30 52 100000.00
30 53 100000.00
30 54 100000.00
30 55 100000.00
30 56 100000.00
30 57 100000.00
30 58 100000.00
30 59 100000.00
30 60 100000.00
30 61 100000.00
30 62 104.00
30 63 100000.00
31 0 100000.00
31 1 100000.00
31 2 100000.00
31 3 100000.00
31 4 100000.00
31 5 100000.00
31 6 100000.00
31 7 100000.00
31 8 100000.00
31 9 100000.00
31 10 100000.00
31 11 100000.00
31 12 100000.00
31 13 100000.00
31 14 100000.00
31 15 208.00
31 16 100000.00
31 17 100000.00
31 18 100000.00
31 19 210.00
31 20 100000.00
31 21 100000.00
31 22 100000.00
31 23 110.00
31 24 100000.00
31 25 100000.00
31 26 100000.00
31 27 102.00
31 28 203.00
31 29 101.00
31 30 109.00
31 32 100000.00
31 33 100000.00
31 34 100000.00
31 35 100000.00
31 36 100000.00
31 37 100000.00
31 38 100000.00
31 39 100000.00
31 40 100000.00
31 41 100000.00
31 42 100000.00
31 43 100000.00
31 44 100000.00
31 45 100000.00
31 46 100000.00
31 47 106.00
31 48 100000.00
31 49 100000.00
31 50 100000.00
31 51 100000.00
31 52 100000.00
31 53 100000.00
31 54 100000.00
31 55 100000.00
31 56 100000.00
31 57 100000.00
31 58 100000.00
31 59 100000.00
31 60 100000.00
31 61 100000.00
31 62 100000.00
31 63 106.00
32 0 204.00
32 1 100000.00
32 2 100000.00
32 3 100000.00
32 4 100000.00
32 5 100000.00
32 6 100000.00
32 7 100000.00
32 8 100000.00
32 9 100000.00
32 10 100000.00
32 11 100000.00
32 12 100000.00
32 13 100000.00
32 14 100000.00
32 15 100000.00
32 16 104.00
32 17 100000.00
32 18 100000.00
32 19 100000.00
32 20 100000.00
32 21 100000.00
32 22 100000.00
32 23 100000.00
32 24 100000.00
32 25 100000.00
32 26 100000.00
32 27 100000.00
32 28 100000.00
32 29 100000.00
32 30 100000.00
32 31 100000.00
32 33 102.00
32 34 107.00
32 35 110.00
32 36 110.00
32 37 100000.00
32 38 100000.00
32 39 100000.00
32 40 109.00
32 41 100000.00
32 42 100000.00
32 43 100000.00
32 44 109.00
32 45 100000.00
32 46 100000.00
32 47 100000.00
32 48 103.00
32 49 100000.00
32 50 100000.00
32 51 100000.00
32 52 100000.00
32 53 100000.00
32 54 100000.00
32 55 100000.00
32 56 100000.00
32 57 100000.00
32 58 100000.00
32 59 100000.00
32 60 100000.00
32 61 100000.00
32 62 100000.00
32 63 100000.00
33 0 100000.00
33 1 107.00
33 2 100000.00
33 3 100000.00
33 4 100000.00
33 5 100000.00
33 6 100000.00
33 7 100000.00
33 8 100000.00
33 9 100000.00
33 10 100000.00
33 11 100000.00
33 12 100000.00
33 13 100000.00
33 14 100000.00
33 15 100000.00
33 16 100000.00
33 17 105.00
33 18 100000.00
33 19 100000.00
33 20 100000.00
33 21 100000.00
33 22 100000.00
33 23 100000.00
33 24 100000.00
33 25 100000.00
33 26 100000.00
33 27 100000.00
33 28 100000.00
33 29 100000.00
33 30 100000.00
33 31 100000.00
33 32 102.00
33 34 105.00
33 35 106.00
33 36 100000.00
33 37 205.00
33 38 100000.00
33 39 100000.00
33 40 100000.00
33 41 107.00
33 42 100000.00
33 43 100000.00
33 44 100000.00
33 45 103.00
33 46 100000.00
33 47 100000.00
33 48 100000.00
33 49 101.00
33 50 100000.00
33 51 100000.00
33 52 100000.00
33 53 100000.00
33 54 100000.00
33 55 100000.00
33 56 100000.00
33 57 100000.00
33 58 100000.00
33 59 100000.00
33 60 100000.00
33 61 100000.00
33 62 100000.00
33 63 100000.00
34 0 100000.00
34 1 100000.00
34 2 101.00
34 3 100000.00
34 4 100000.00
34 5 100000.00
34 6 100000.00
34 7 100000.00
34 8 100000.00
34 9 100000.00
34 10 100000.00
34 11 100000.00
34 12 100000.00
34 13 100000.00
34 14 100000.00
34 15 100000.00
34 16 100000.00
34 17 100000.00
34 18 102.00
34 19 100000.00
34 20 100000.00
34 21 100000.00
34 22 100000.00
34 23 100000.00
34 24 100000.00
34 25 100000.00
34 26 100000.00
34 27 100000.00
34 28 100000.00
34 29 100000.00
34 30 100000.00
34 31 100000.00
34 32 107.00
34 33 105.00
34 35 110.00
34 36 100000.00
34 37 100000.00
34 38 107.00
34 39 100000.00
34 40 100000.00
34 41 100000.00
34 42 202.00
34 43 100000.00
34 44 100000.00
34 45 100000.00
34 46 102.00
34 47 100000.00
34 48 100000.00
34 49 100000.00
34 50 104.00
34 51 100000.00
34 52 100000.00
34 53 100000.00
34 54 100000.00
34 55 100000.00
34 56 100000.00
34 57 100000.00
34 58 100000.00
34 59 100000.00
34 60 100000.00
34 61 100000.00
34 62 100000.00
34 63 100000.00
35 0 100000.00
35 1 100000.00
35 2 100000.00
35 3 108.00
35 4 100000.00
35 5 100000.00
35 6 100000.00
35 7 100000.00
35 8 100000.00
35 9 100000.00
35 10 100000.00
35 11 100000.00
35 12 100000.00
35 13 100000.00
35 14 100000.00
35 15 100000.00
35 16 100000.00
35 17 100000.00
35 18 100000.00
35 19 208.00
35 20 100000.00
35 21 100000.00
35 22 100000.00
35 23 100000.00
35 24 100000.00
35 25 100000.00
35 26 100000.00
35 27 100000.00
35 28 100000.00
35 29 100000.00
35 30 100000.00
35 31 100000.00
35 32 110.00
35 33 106.00
35 34 110.00
35 36 100000.00
35 37 100000.00
35 38 100000.00
35 39 102.00
35 40 100000.00
35 41 100000.00
35 42 100000.00
35 43 105.00
35 44 100000.00
35 45 100000.00
35 46 100000.00
35 47 105.00
35 48 100000.00
35 49 100000.00
35 50 100000.00
35 51 108.00
35 52 100000.00
35 53 100000.00
35 54 100000.00
35 55 100000.00
35 56 100000.00
35 57 100000.00
35 58 100000.00
35 59 100000.00
35 60 100000.00
35 61 100000.00
35 62 100000.00
35 63 100000.00
36 0 100000.00
36 1 100000.00
36 2 100000.00
36 3 100000.00
36 4 108.00
36 5 100000.00
36 6 100000.00
36 7 100000.00
36 8 100000.00
36 9 100000.00
36 10 100000.00
36 11 100000.00
36 12 100000.00
36 13 100000.00
36 14 100000.00
36 15 100000.00
36 16 100000.00
36 17 100000.00
36 18 100000.00
36 19 100000.00
36 20 104.00
36 21 100000.00
36 22 100000.00
36 23 100000.00
36 24 100000.00
36 25 100000.00
36 26 100000.00
36 27 100000.00
36 28 100000.00
36 29 100000.00
36 30 100000.00
36 31 100000.00
36 32 110.00
36 33 100000.00
36 34 100000.00
36 35 100000.00
36 37 202.00
36 38 109.00
36 39 101.00
36 40 108.00
36 41 100000.00
36 42 100000.00
36 43 100000.00
36 44 104.00
36 45 100000.00
36 46 100000.00
36 47 100000.00
36 48 100000.00
36 49 100000.00
36 50 100000.00
36 51 100000.00
36 52 106.00
36 53 100000.00
36 54 100000.00
36 55 100000.00
36 56 100000.00
36 57 100000.00
36 58 100000.00
36 59 100000.00
36 60 100000.00
36 61 100000.00
36 62 100000.00
36 63 100000.00
37 0 100000.00
37 1 100000.00
37 2 100000.00
37 3 100000.00
37 4 100000.00
37 5 203.00
37 6 100000.00
37 7 100000.00
37 8 100000.00
37 9 100000.00
37 10 100000.00
37 11 100000.00
37 12 100000.00
37 13 100000.00
37 14 100000.00
37 15 100000.00
37 16 100000.00
37 17 100000.00
37 18 100000.00
37 19 100000.00
37 20 100000.00
37 21 203.00
37 22 100000.00
37 23 100000.00
37 24 100000.00
37 25 100000.00
37 26 100000.00
37 27 100000.00
37 28 100000.00
37 29 100000.00
37 30 100000.00
37 31 100000.00
37 32 100000.00
37 33 205.00
37 34 100000.00
37 35 100000.00
37 36 202.00
37 38 205.00
37 39 202.00
37 40 100000.00
37 41 205.00
37 42 100000.00
37 43 100000.00
37 44 100000.00
37 45 202.00
37 46 100000.00
37 47 100000.00
37 48 100000.00
37 49 100000.00
37 50 100000.00
37 51 100000.00
37 52 100000.00
37 53 203.00
37 54 100000.00
37 55 100000.00
37 56 100000.00
37 57 100000.00
37 58 100000.00
37 59 100000.00
37 60 100000.00
37 61 100000.00
37 62 100000.00
37 63 100000.00
38 0 100000.00
38 1 100000.00
38 2 100000.00
38 3 100000.00
38 4 100000.00
38 5 100000.00
38 6 102.00
38 7 100000.00
38 8 100000.00
38 9 100000.00
38 10 100000.00
38 11 100000.00
38 12 100000.00
38 13 100000.00
38 14 100000.00
38 15 100000.00
38 16 100000.00
38 17 100000.00
38 18 100000.00
38 19 100000.00
38 20 100000.00
38 21 100000.00
38 22 104.00
38 23 100000.00
38 24 100000.00
38 25 100000.00
38 26 100000.00
38 27 100000.00
38 28 100000.00
38 29 100000.00
38 30 100000.00
38 31 100000.00
38 32 100000.00
38 33 100000.00
38 34 107.00
38 35 100000.00
38 36 109.00
38 37 205.00
38 39 101.00
38 40 100000.00
38 41 100000.00
38 42 207.00
38 43 100000.00
38 44 100000.00
38 45 100000.00
38 46 106.00
38 47 100000.00
38 48 100000.00
38 49 100000.00
38 50 100000.00
38 51 100000.00
38 52 100000.00
38 53 100000.00
38 54 205.00
38 55 100000.00
38 56 100000.00
38 57 100000.00
38 58 100000.00
38 59 100000.00
38 60 100000.00
38 61 100000.00
38 62 100000.00
38 63 100000.00
39 0 100000.00
39 1 100000.00
39 2 100000.00
39 3 100000.00
39 4 100000.00
39 5 100000.00
39 6 100000.00
39 7 104.00
39 8 100000.00
39 9 100000.00
39 10 100000.00
39 11 100000.00
39 12 100000.00
39 13 100000.00
39 14 100000.00
39 15 100000.00
39 16 100000.00
39 17 100000.00
39 18 100000.00
39 19 100000.00
39 20 100000.00
39 21 100000.00
39 22 100000.00
39 23 103.00
39 24 100000.00
39 25 100000.00
39 26 100000.00
39 27 100000.00
39 28 100000.00
39 29 100000.00
39 30 100000.00
39 31 100000.00
39 32 100000.00
39 33 100000.00
39 34 100000.00
39 35 102.00
39 36 101.00
39 37 202.00
39 38 101.00
39 40 100000.00
39 41 100000.00
39 42 100000.00
39 43 108.00
39 44 100000.00
39 45 100000.00
39 46 100000.00
39 47 110.00
39 48 100000.00
39 49 100000.00
39 50 100000.00
39 51 100000.00
39 52 100000.00
39 53 100000.00
39 54 100000.00
39 55 107.00
39 56 100000.00
39 57 100000.00
39 58 100000.00
39 59 100000.00
39 60 100000.00
39 61 100000.00
39 62 100000.00
39 63 100000.00
40 0 100000.00
40 1 100000.00
40 2 100000.00
40 3 100000.00
40 4 100000.00
40 5 100000.00
40 6 100000.00
40 7 100000.00
40 8 107.00
40 9 100000.00
40 10 100000.00
40 11 100000.00
40 12 100000.00
40 13 100000.00
40 14 100000.00
40 15 100000.00
40 16 100000.00
40 17 100000.00
40 18 100000.00
40 19 100000.00
40 20 100000.00
40 21 100000.00
40 22 100000.00
40 23 100000.00
40 24 108.00
40 25 100000.00
40 26 100000.00
40 27 100000.00
40 28 100000.00
40 29 100000.00
40 30 100000.00
40 31 100000.00
40 32 109.00
40 33 100000.00
40 34 100000.00
40 35 100000.00
40 36 108.00
40 37 100000.00
40 38 100000.00
40 39 100000.00
40 41 103.00
40 42 204.00
40 43 101.00
40 44 109.00
40 45 100000.00
40 46 100000.00
40 47 100000.00
40 48 100000.00
40 49 100000.00
40 50 100000.00
40 51 100000.00
40 52 100000.00
40 53 100000.00
40 54 100000.00
40 55 100000.00
40 56 110.00
40 57 100000.00
40 58 100000.00
40 59 100000.00
40 60 100000.00
40 61 100000.00
40 62 100000.00
40 63 100000.00
41 0 100000.00
41 1 100000.00
41 2 100000.00
41 3 100000.00
41 4 100000.00
41 5 100000.00
41 6 100000.00
41 7 100000.00
41 8 100000.00
41 9 107.00
41 10 100000.00
41 11 100000.00
41 12 100000.00
41 13 100000.00
41 14 100000.00
41 15 100000.00
41 16 100000.00
41 17 100000.00
41 18 100000.00
41 19 100000.00
41 20 100000.00
41 21 100000.00
41 22 100000.00
41 23 100000.00
41 24 100000.00
41 25 110.00
41 26 100000.00
41 27 100000.00
41 28 100000.00
41 29 100000.00
41 30 100000.00
41 31 100000.00
41 32 100000.00
41 33 107.00
41 34 100000.00
41 35 100000.00
41 36 100000.00
41 37 205.00
41 38 100000.00
41 39 100000.00
41 40 103.00
41 42 210.00
41 43 108.00
41 44 100000.00
41 45 105.00
41 46 100000.00
41 47 100000.00
41 48 100000.00
41 49 100000.00
41 50 100000.00
41 51 100000.00
41 52 100000.00
41 53 100000.00
41 54 100000.00
41 55 100000.00
41 56 100000.00
41 57 209.00
41 58 100000.00
41 59 100000.00
41 60 100000.00
41 61 100000.00
41 62 100000.00
41 63 100000.00
42 0 100000.00
42 1 100000.00
42 2 100000.00
42 3 100000.00
42 4 100000.00
42 5 100000.00
42 6 100000.00
42 7 100000.00
42 8 100000.00
42 9 100000.00
42 10 208.00
42 11 100000.00
42 12 100000.00
42 13 100000.00
42 14 100000.00
42 15 100000.00
42 16 100000.00
42 17 100000.00
42 18 100000.00
42 19 100000.00
42 20 100000.00
42 21 100000.00
42 22 100000.00
42 23 100000.00
42 24 100000.00
42 25 100000.00
42 26 205.00
42 27 100000.00
42 28 100000.00
42 29 100000.00
42 30 100000.00
42 31 100000.00
42 32 100000.00
42 33 100000.00
42 34 202.00
42 35 100000.00
42 36 100000.00
42 37 100000.00
42 38 207.00
42 39 100000.00
42 40 204.00
42 41 210.00
42 43 201.00
42 44 100000.00
42 45 100000.00
42 46 204.00
42 47 100000.00
42 48 100000.00
42 49 100000.00
42 50 100000.00
42 51 100000.00
42 52 100000.00
42 53 100000.00
42 54 100000.00
42 55 100000.00
42 56 100000.00
42 57 100000.00
42 58 206.00
42 59 100000.00
42 60 100000.00
42 61 100000.00
42 62 100000.00
42 63 100000.00
43 0 100000.00
43 1 100000.00
43 2 100000.00
43 3 100000.00
43 4 100000.00
43 5 100000.00
43 6 100000.00
43 7 100000.00
43 8 100000.00
43 9 100000.00
43 10 100000.00
43 11 108.00
43 12 100000.00
43 13 100000.00
43 14 100000.00
43 15 100000.00
43 16 100000.00
43 17 100000.00
43 18 100000.00
43 19 100000.00
43 20 100000.00
43 21 100000.00
43 22 100000.00
43 23 100000.00
43 24 100000.00
43 25 100000.00
43 26 100000.00
43 27 103.00
43 28 100000.00
43 29 100000.00
43 30 100000.00
43 31 100000.00
43 32 100000.00
43 33 100000.00
43 34 100000.00
43 35 105.00
43 36 100000.00
43 37 100000.00
43 38 100000.00
43 39 108.00
43 40 101.00
43 41 108.00
43 42 201.00
43 44 100000.00
43 45 100000.00
43 46 100000.00
43 47 109.00
43 48 100000.00
43 49 100000.00
43 50 100000.00
43 51 100000.00
43 52 100000.00
43 53 100000.00
43 54 100000.00
43 55 100000.00
43 56 100000.00
43 57 100000.00
43 58 100000.00
43 59 110.00
43 60 100000.00
43 61 100000.00
43 62 100000.00
43 63 100000.00
44 0 100000.00
44 1 100000.00
44 2 100000.00
44 3 100000.00
44 4 100000.00
44 5 100000.00
44 6 100000.00
44 7 100000.00
44 8 100000.00
44 9 100000.00
44 10 100000.00
44 11 100000.00
44 12 108.00
44 13 100000.00
44 14 100000.00
44 15 100000.00
44 16 100000.00
44 17 100000.00
44 18 100000.00
44 19 100000.00
44 20 100000.00
44 21 100000.00
44 22 100000.00
44 23 100000.00
44 24 100000.00
44 25 100000.00
44 26 100000.00
44 27 100000.00
44 28 207.00
44 29 100000.00
44 30 100000.00
44 31 100000.00
44 32 109.00
44 33 100000.00
44 34 100000.00
44 35 100000.00
44 36 104.00
44 37 100000.00
44 38 100000.00
44 39 100000.00
44 40 109.00
44 41 100000.00
44 42 100000.00
44 43 100000.00
44 45 108.00
44 46 105.00
44 47 109.00
44 48 100000.00
44 49 100000.00
44 50 100000.00
44 51 100000.00
44 52 100000.00
44 53 100000.00
44 54 100000.00
44 55 100000.00
44 56 100000.00
44 57 100000.00
44 58 100000.00
44 59 100000.00
44 60 102.00
44 61 100000.00
44 62 100000.00
44 63 100000.00
45 0 100000.00
45 1 100000.00
45 2 100000.00
45 3 100000.00
45 4 100000.00
45 5 100000.00
45 6 100000.00
45 7 100000.00
45 8 100000.00
45 9 100000.00
45 10 100000.00
45 11 100000.00
45 12 100000.00
45 13 102.00
45 14 100000.00
45 15 100000.00
45 16 100000.00
45 17 100000.00
45 18 100000.00
45 19 100000.00
45 20 100000.00
45 21 100000.00
45 22 100000.00
45 23 100000.00
45 24 100000.00
45 25 100000.00
45 26 100000.00
45 27 100000.00
45 28 100000.00
45 29 108.00
45 30 100000.00
45 31 100000.00
45 32 100000.00
45 33 103.00
45 34 100000.00
45 35 100000.00
45 36 100000.00
45 37 202.00
45 38 100000.00
45 39 100000.00
45 40 100000.00
45 41 105.00
45 42 100000.00
45 43 100000.00
45 44 108.00
45 46 102.00
45 47 102.00
45 48 100000.00
45 49 100000.00
45 50 100000.00
45 51 100000.00
45 52 100000.00
45 53 100000.00
45 54 100000.00
45 55 100000.00
45 56 100000.00
45 57 100000.00
45 58 100000.00
45 59 100000.00
45 60 100000.00
45 61 106.00
45 62 100000.00
45 63 100000.00
46 0 100000.00
46 1 100000.00
46 2 100000.00
46 3 100000.00
46 4 100000.00
46 5 100000.00
46 6 100000.00
46 7 100000.00
46 8 100000.00
46 9 100000.00
46 10 100000.00
46 11 100000.00
46 12 100000.00
46 13 100000.00
46 14 103.00
46 15 100000.00
46 16 100000.00
46 17 100000.00
46 18 100000.00
46 19 100000.00
46 20 100000.00
46 21 100000.00
46 22 100000.00
46 23 100000.00
46 24 100000.00
46 25 100000.00
46 26 100000.00
46 27 100000.00
46 28 100000.00
46 29 100000.00
46 30 102.00
46 31 100000.00
46 32 100000.00
46 33 100000.00
46 34 102.00
46 35 100000.00
46 36 100000.00
46 37 100000.00
46 38 106.00
46 39 100000.00
46 40 100000.00
46 41 100000.00
46 42 204.00
46 43 100000.00
46 44 105.00
46 45 102.00
46 47 106.00
46 48 100000.00
46 49 100000.00
46 50 100000.00
46 51 100000.00
46 52 100000.00
46 53 100000.00
46 54 100000.00
46 55 100000.00
46 56 100000.00
46 57 100000.00
46 58 100000.00
46 59 100000.00
46 60 100000.00
46 61 100000.00
46 62 107.00
46 63 100000.00
47 0 100000.00
47 1 100000.00
47 2 100000.00
47 3 100000.00
47 4 100000.00
47 5 100000.00
47 6 100000.00
47 7 100000.00
47 8 100000.00
47 9 100000.00
47 10 100000.00
47 11 100000.00
47 12 100000.00
47 13 100000.00
47 14 100000.00
47 15 209.00
47 16 100000.00
47 17 100000.00
47 18 100000.00
47 19 100000.00
47 20 100000.00
47 21 100000.00
47 22 100000.00
47 23 100000.00
47 24 100000.00
47 25 100000.00
47 26 100000.00
47 27 100000.00
47 28 100000.00
47 29 100000.00
47 30 100000.00
47 31 106.00
47 32 100000.00
47 33 100000.00
47 34 100000.00
47 35 105.00
47 36 100000.00
47 37 100000.00
47 38 100000.00
47 39 110.00
47 40 100000.00
47 41 100000.00
47 42 100000.00
47 43 109.00
47 44 109.00
47 45 102.00
47 46 106.00
47 48 100000.00
47 49 100000.00
47 50 100000.00
47 51 100000.00
47 52 100000.00
47 53 100000.00
47 54 100000.00
47 55 100000.00
47 56 100000.00
47 57 100000.00
47 58 100000.00
47 59 100000.00
47 60 100000.00
47 61 100000.00
47 62 100000.00
47 63 103.00
48 0 206.00
48 1 100000.00
48 2 100000.00
48 3 100000.00
48 4 100000.00
48 5 100000.00
48 6 100000.00
48 7 100000.00
48 8 100000.00
48 9 100000.00
48 10 100000.00
48 11 100000.00
48 12 100000.00
48 13 100000.00
48 14 100000.00
48 15 100000.00
48 16 102.00
48 17 100000.00
48 18 100000.00
48 19 100000.00
48 20 100000.00
48 21 100000.00
48 22 100000.00
48 23 100000.00
48 24 100000.00
48 25 100000.00
48 26 100000.00
48 27 100000.00
48 28 100000.00
48 29 100000.00
48 30 100000.00
48 31 100000.00
48 32 103.00
48 33 100000.00
48 34 100000.00
48 35 100000.00
48 36 100000.00
48 37 100000.00
48 38 100000.00
48 39 100000.00
48 40 100000.00
48 41 100000.00
48 42 100000.00
48 43 100000.00
48 44 100000.00
48 45 100000.00
48 46 100000.00
48 47 100000.00
48 49 104.00
48 50 104.00
48 51 104.00
48 52 104.00
48 53 100000.00
48 54 100000.00
48 55 100000.00
48 56 105.00
48 57 100000.00
48 58 100000.00
48 59 100000.00
48 60 102.00
48 61 100000.00
48 62 100000.00
48 63 100000.00
49 0 100000.00
49 1 107.00
49 2 100000.00
49 3 100000.00
49 4 100000.00
49 5 100000.00
49 6 100000.00
49 7 100000.00
49 8 100000.00
49 9 100000.00
49 10 100000.00
49 11 100000.00
49 12 100000.00
49 13 100000.00
49 14 100000.00
49 15 100000.00
49 16 100000.00
49 17 110.00
49 18 100000.00
49 19 100000.00
49 20 100000.00
49 21 100000.00
49 22 100000.00
49 23 100000.00
49 24 100000.00
49 25 100000.00
49 26 100000.00
49 27 100000.00
49 28 100000.00
49 29 100000.00
49 30 100000.00
49 31 100000.00
49 32 100000.00
49 33 101.00
49 34 100000.00
49 35 100000.00
49 36 100000.00
49 37 100000.00
49 38 100000.00
49 39 100000.00
49 40 100000.00
49 41 100000.00
49 42 100000.00
49 43 100000.00
49 44 100000.00
49 45 100000.00
49 46 100000.00
49 47 100000.00
49 48 104.00
49 50 107.00
49 51 103.00
49 52 100000.00
49 53 110.00
49 54 100000.00
49 55 100000.00
49 56 100000.00
49 57 209.00
49 58 100000.00
49 59 100000.00
49 60 100000.00
49 61 103.00
49 62 100000.00
49 63 100000.00
50 0 100000.00
50 1 100000.00
50 2 110.00
50 3 100000.00
50 4 100000.00
50 5 100000.00
50 6 100000.00
50 7 100000.00
50 8 100000.00
50 9 100000.00
50 10 100000.00
50 11 100000.00
50 12 100000.00
50 13 100000.00
50 14 100000.00
50 15 100000.00
50 16 100000.00
50 17 100000.00
50 18 106.00
50 19 100000.00
50 20 100000.00
50 21 100000.00
50 22 100000.00
50 23 100000.00
50 24 100000.00
50 25 100000.00
50 26 100000.00
50 27 100000.00
50 28 100000.00
50 29 100000.00
50 30 100000.00
50 31 100000.00
50 32 100000.00
50 33 100000.00
50 34 104.00
50 35 100000.00
50 36 100000.00
50 37 100000.00
50 38 100000.00
50 39 100000.00
50 40 100000.00
50 41 100000.00
50 42 100000.00
50 43 100000.00
50 44 100000.00
50 45 100000.00
50 46 100000.00
50 47 100000.00
50 48 104.00
50 49 107.00
50 51 104.00
50 52 100000.00
50 53 100000.00
50 54 205.00
50 55 100000.00
50 56 100000.00
50 57 100000.00
50 58 109.00
50 59 100000.00
50 60 100000.00
50 61 100000.00
50 62 110.00
50 63 100000.00
51 0 100000.00
51 1 100000.00
51 2 100000.00
51 3 105.00
51 4 100000.00
51 5 100000.00
51 6 100000.00
51 7 100000.00
51 8 100000.00
51 9 100000.00
51 10 100000.00
51 11 100000.00
51 12 100000.00
51 13 100000.00
51 14 100000.00
51 15 100000.00
51 16 100000.00
51 17 100000.00
51 18 100000.00
51 19 209.00
51 20 100000.00
51 21 100000.00
51 22 100000.00
51 23 100000.00
51 24 100000.00
51 25 100000.00
51 26 100000.00
51 27 100000.00
51 28 100000.00
51 29 100000.00
51 30 100000.00
51 31 100000.00
51 32 100000.00
51 33 100000.00
51 34 100000.00
51 35 108.00
51 36 100000.00
51 37 100000.00
51 38 100000.00
51 39 100000.00
51 40 100000.00
51 41 100000.00
51 42 100000.00
51 43 100000.00
51 44 100000.00
51 45 100000.00
51 46 100000.00
51 47 100000.00
51 48 104.00
51 49 103.00
51 50 104.00
51 52 100000.00
51 53 100000.00
51 54 100000.00
51 55 104.00
51 56 100000.00
51 57 100000.00
51 58 100000.00
51 59 107.00
51 60 100000.00
51 61 100000.00
51 62 100000.00
51 63 101.00
52 0 100000.00
52 1 100000.00
52 2 100000.00
52 3 100000.00
52 4 104.00
52 5 100000.00
52 6 100000.00
52 7 100000.00
52 8 100000.00
52 9 100000.00
52 10 100000.00
52 11 100000.00
52 12 100000.00
52 13 100000.00
52 14 100000.00
52 15 100000.00
52 16 100000.00
52 17 100000.00
52 18 100000.00
52 19 100000.00
52 20 102.00
52 21 100000.00
52 22 100000.00
52 23 100000.00
52 24 100000.00
52 25 100000.00
52 26 100000.00
52 27 100000.00
52 28 100000.00
52 29 100000.00
52 30 100000.00
52 31 100000.00
52 32 100000.00
52 33 100000.00
52 34 100000.00
52 35 100000.00
52 36 106.00
52 37 100000.00
52 38 100000.00
52 39 100000.00
52 40 100000.00
52 41 100000.00
52 42 100000.00
52 43 100000.00
52 44 100000.00
52 45 100000.00
52 46 100000.00
52 47 100000.00
52 48 104.00
52 49 100000.00
52 50 100000.00
52 51 100000.00
52 53 109.00
52 54 202.00
52 55 103.00
52 56 104.00
52 57 100000.00
52 58 100000.00
52 59 100000.00
52 60 101.00
52 61 100000.00
52 62 100000.00
52 63 100000.00
53 0 100000.00
53 1 100000.00
53 2 100000.00
53 3 100000.00
53 4 100000.00
53 5 106.00
53 6 100000.00
53 7 100000.00
53 8 100000.00
53 9 100000.00
53 10 100000.00
53 11 100000.00
53 12 100000.00
53 13 100000.00
53 14 100000.00
53 15 100000.00
53 16 100000.00
53 17 100000.00
53 18 100000.00
53 19 100000.00
53 20 100000.00
53 21 109.00
53 22 100000.00
53 23 100000.00
53 24 100000.00
53 25 100000.00
53 26 100000.00
53 27 100000.00
53 28 100000.00
53 29 100000.00
53 30 100000.00
53 31 100000.00
53 32 100000.00
53 33 100000.00
53 34 100000.00
53 35 100000.00
53 36 100000.00
53 37 203.00
53 38 100000.00
53 39 100000.00
53 40 100000.00
53 41 100000.00
53 42 100000.00
53 43 100000.00
53 44 100000.00
53 45 100000.00
53 46 100000.00
53 47 100000.00
53 48 100000.00
53 49 110.00
53 50 100000.00
53 51 100000.00
53 52 109.00
53 54 205.00
53 55 101.00
53 56 100000.00
53 57 207.00
53 58 100000.00
53 59 100000.00
53 60 100000.00
53 61 110.00
53 62 100000.00
53 63 100000.00
54 0 100000.00
54 1 100000.00
54 2 100000.00
54 3 100000.00
54 4 100000.00
54 5 100000.00
54 6 210.00
54 7 100000.00
54 8 100000.00
54 9 100000.00
54 10 100000.00
54 11 100000.00
54 12 100000.00
54 13 100000.00
54 14 100000.00
54 15 100000.00
54 16 100000.00
54 17 100000.00
54 18 100000.00
54 19 100000.00
54 20 100000.00
54 21 100000.00
54 22 205.00
54 23 100000.00
54 24 100000.00
54 25 100000.00
54 26 100000.00
54 27 100000.00
54 28 100000.00
54 29 100000.00
54 30 100000.00
54 31 100000.00
54 32 100000.00
54 33 100000.00
54 34 100000.00
54 35 100000.00
54 36 100000.00
54 37 100000.00
54 38 205.00
54 39 100000.00
54 40 100000.00
54 41 100000.00
54 42 100000.00
54 43 100000.00
54 44 100000.00
54 45 100000.00
54 46 100000.00
54 47 100000.00
54 48 100000.00
54 49 100000.00
54 50 205.00
54 51 100000.00
54 52 202.00
54 53 205.00
54 55 209.00
54 56 100000.00
54 57 100000.00
54 58 202.00
54 59 100000.00
54 60 100000.00
54 61 100000.00
54 62 210.00
54 63 100000.00
55 0 100000.00
55 1 100000.00
55 2 100000.00
55 3 100000.00
55 4 100000.00
55 5 100000.00
55 6 100000.00
55 7 110.00
55 8 100000.00
55 9 100000.00
55 10 100000.00
55 11 100000.00
55 12 100000.00
55 13 100000.00
55 14 100000.00
55 15 100000.00
55 16 100000.00
55 17 100000.00
55 18 100000.00
55 19 100000.00
55 20 100000.00
55 21 100000.00
55 22 100000.00
55 23 104.00
55 24 100000.00
55 25 100000.00
55 26 100000.00
55 27 100000.00
55 28 100000.00
55 29 100000.00
55 30 100000.00
55 31 100000.00
55 32 100000.00
55 33 100000.00
55 34 100000.00
55 35 100000.00
55 36 100000.00
55 37 100000.00
55 38 100000.00
55 39 107.00
55 40 100000.00
55 41 100000.00
55 42 100000.00
55 43 100000.00
55 44 100000.00
55 45 100000.00
55 46 100000.00
55 47 100000.00
55 48 100000.00
55 49 100000.00
55 50 100000.00
55 51 104.00
55 52 103.00
55 53 101.00
55 54 209.00
55 56 100000.00
55 57 100000.00
55 58 100000.00
55 59 108.00
55 60 100000.00
55 61 100000.00
55 62 100000.00
55 63 102.00
56 0 100000.00
56 1 100000.00
56 2 100000.00
56 3 100000.00
56 4 100000.00
56 5 100000.00
56 6 100000.00
56 7 100000.00
56 8 109.00
56 9 100000.00
56 10 100000.00
56 11 100000.00
56 12 100000.00
56 13 100000.00
56 14 100000.00
56 15 100000.00
56 16 100000.00
56 17 100000.00
56 18 100000.00
56 19 100000.00
56 20 100000.00
56 21 100000.00
56 22 100000.00
56 23 100000.00
56 24 109.00
56 25 100000.00
56 26 100000.00
56 27 100000.00
56 28 100000.00
56 29 100000.00
56 30 100000.00
56 31 100000.00
56 32 100000.00
56 33 100000.00
56 34 100000.00
56 35 100000.00
56 36 100000.00
56 37 100000.00
56 38 100000.00
56 39 100000.00
56 40 110.00
56 41 100000.00
56 42 100000.00
56 43 100000.00
56 44 100000.00
56 45 100000.00
56 46 100000.00
56 47 100000.00
56 48 105.00
56 49 100000.00
56 50 100000.00
56 51 100000.00
56 52 104.00
56 53 100000.00
56 54 100000.00
56 55 100000.00
56 57 204.00
56 58 110.00
56 59 102.00
56 60 103.00
56 61 100000.00
56 62 100000.00
56 63 100000.00
57 0 100000.00
57 1 100000.00
57 2 100000.00
57 3 100000.00
57 4 100000.00
57 5 100000.00
57 6 100000.00
57 7 100000.00
57 8 100000.00
57 9 202.00
57 10 100000.00
57 11 100000.00
57 12 100000.00
57 13 100000.00
57 14 100000.00
57 15 100000.00
57 16 100000.00
57 17 100000.00
57 18 100000.00
57 19 100000.00
57 20 100000.00
57 21 100000.00
57 22 100000.00
57 23 100000.00
57 24 100000.00
57 25 210.00
57 26 100000.00
57 27 100000.00
57 28 100000.00
57 29 100000.00
57 30 100000.00
57 31 100000.00
57 32 100000.00
57 33 100000.00
57 34 100000.00
57 35 100000.00
57 36 100000.00
57 37 100000.00
57 38 100000.00
57 39 100000.00
57 40 100000.00
57 41 209.00
57 42 100000.00
57 43 100000.00
57 44 100000.00
57 45 100000.00
57 46 100000.00
57 47 100000.00
57 48 100000.00
57 49 209.00
57 50 100000.00
57 51 100000.00
57 52 100000.00
57 53 207.00
57 54 100000.00
57 55 100000.00
57 56 204.00
57 58 207.00
57 59 202.00
57 60 100000.00
57 61 201.00
57 62 100000.00
57 63 100000.00
58 0 100000.00
58 1 100000.00
58 2 100000.00
58 3 100000.00
58 4 100000.00
58 5 100000.00
58 6 100000.00
58 7 100000.00
58 8 100000.00
58 9 100000.00
58 10 110.00
58 11 100000.00
58 12 100000.00
58 13 100000.00
58 14 100000.00
58 15 100000.00
58 16 100000.00
58 17 100000.00
58 18 100000.00
58 19 100000.00
58 20 100000.00
58 21 100000.00
58 22 100000.00
58 23 100000.00
58 24 100000.00
58 25 100000.00
58 26 108.00
58 27 100000.00
58 28 100000.00
58 29 100000.00
58 30 100000.00
58 31 100000.00
58 32 100000.00
58 33 100000.00
58 34 100000.00
58 35 100000.00
58 36 100000.00
58 37 100000.00
58 38 100000.00
58 39 100000.00
58 40 100000.00
58 41 100000.00
58 42 206.00
58 43 100000.00
58 44 100000.00
58 45 100000.00
58 46 100000.00
58 47 100000.00
58 48 100000.00
58 49 100000.00
58 50 109.00
58 51 100000.00
58 52 100000.00
58 53 100000.00
58 54 202.00
58 55 100000.00
58 56 110.00
58 57 207.00
58 59 106.00
58 60 100000.00
58 61 100000.00
58 62 109.00
58 63 100000.00
59 0 100000.00
59 1 100000.00
59 2 100000.00
59 3 100000.00
59 4 100000.00
59 5 100000.00
59 6 100000.00
59 7 100000.00
59 8 100000.00
59 9 100000.00
59 10 100000.00
59 11 101.00
59 12 100000.00
59 13 100000.00
59 14 100000.00
59 15 100000.00
59 16 100000.00
59 17 100000.00
59 18 100000.00
59 19 100000.00
59 20 100000.00
59 21 100000.00
59 22 100000.00
59 23 100000.00
59 24 100000.00
59 25 100000.00
59 26 100000.00
59 27 106.00
59 28 100000.00
59 29 100000.00
59 30 100000.00
59 31 100000.00
59 32 100000.00
59 33 100000.00
59 34 100000.00
59 35 100000.00
59 36 100000.00
59 37 100000.00
59 38 100000.00
59 39 100000.00
59 40 100000.00
59 41 100000.00
59 42 100000.00
59 43 110.00
59 44 100000.00
59 45 100000.00
59 46 100000.00
59 47 100000.00
59 48 100000.00
59 49 100000.00
59 50 100000.00
59 51 107.00
59 52 100000.00
59 53 100000.00
59 54 100000.00
59 55 108.00
59 56 102.00
59 57 202.00
59 58 106.00
59 60 100000.00
59 61 100000.00
59 62 100000.00
59 63 101.00
60 0 100000.00
60 1 100000.00
60 2 100000.00
60 3 100000.00
60 4 100000.00
60 5 100000.00
60 6 100000.00
60 7 100000.00
60 8 100000.00
60 9 100000.00
60 10 100000.00
60 11 100000.00
60 12 109.00
60 13 100000.00
60 14 100000.00
60 15 100000.00
60 16 100000.00
60 17 100000.00
60 18 100000.00
60 19 100000.00
60 20 100000.00
60 21 100000.00
60 22 100000.00
60 23 100000.00
60 24 100000.00
60 25 100000.00
60 26 100000.00
60 27 100000.00
60 28 206.00
60 29 100000.00
60 30 100000.00
60 31 100000.00
60 32 100000.00
60 33 100000.00
60 34 100000.00
60 35 100000.00
60 36 100000.00
60 37 100000.00
60 38 100000.00
60 39 100000.00
60 40 100000.00
60 41 100000.00
60 42 100000.00
60 43 100000.00
60 44 102.00
60 45 100000.00
60 46 100000.00
60 47 100000.00
60 48 102.00
60 49 100000.00
60 50 100000.00
60 51 100000.00
60 52 101.00
60 53 100000.00
60 54 100000.00
60 55 100000.00
60 56 103.00
60 57 100000.00
60 58 100000.00
60 59 100000.00
60 61 101.00
60 62 110.00
60 63 109.00
61 0 100000.00
61 1 100000.00
61 2 100000.00
61 3 100000.00
61 4 100000.00
61 5 100000.00
61 6 100000.00
61 7 100000.00
61 8 100000.00
61 9 100000.00
61 10 100000.00
61 11 100000.00
61 12 100000.00
61 13 109.00
61 14 100000.00
61 15 100000.00
61 16 100000.00
61 17 100000.00
61 18 100000.00
61 19 100000.00
61 20 100000.00
61 21 100000.00
61 22 100000.00
61 23 100000.00
61 24 100000.00
61 25 100000.00
61 26 100000.00
61 27 100000.00
61 28 100000.00
61 29 103.00
61 30 100000.00
61 31 100000.00
61 32 100000.00
61 33 100000.00
61 34 100000.00
61 35 100000.00
61 36 100000.00
61 37 100000.00
61 38 100000.00
61 39 100000.00
61 40 100000.00
61 41 100000.00
61 42 100000.00
61 43 100000.00
61 44 100000.00
61 45 106.00
61 46 100000.00
61 47 100000.00
61 48 100000.00
61 49 103.00
61 50 100000.00
61 51 100000.00
61 52 100000.00
61 53 110.00
61 54 100000.00
61 55 100000.00
61 56 100000.00
61 57 201.00
61 58 100000.00
61 59 100000.00
61 60 101.00
61 62 102.00
61 63 102.00
62 0 100000.00
62 1 100000.00
62 2 100000.00
62 3 100000.00
62 4 100000.00
62 5 100000.00
62 6 100000.00
62 7 100000.00
62 8 100000.00
62 9 100000.00
62 10 100000.00
62 11 100000.00
62 12 100000.00
62 13 100000.00
62 14 104.00
62 15 100000.00
62 16 100000.00
62 17 100000.00
62 18 100000.00
62 19 100000.00
62 20 100000.00
62 21 100000.00
62 22 100000.00
62 23 100000.00
62 24 100000.00
62 25 100000.00
62 26 100000.00
62 27 100000.00
62 28 100000.00
62 29 100000.00
62 30 104.00
62 31 100000.00
62 32 100000.00
62 33 100000.00
62 34 100000.00
62 35 100000.00
62 36 100000.00
62 37 100000.00
62 38 100000.00
62 39 100000.00
62 40 100000.00
62 41 100000.00
62 42 100000.00
62 43 100000.00
62 44 100000.00
62 45 100000.00
62 46 107.00
62 47 100000.00
62 48 100000.00
62 49 100000.00
62 50 110.00
62 51 100000.00
62 52 100000.00
62 53 100000.00
62 54 210.00
62 55 100000.00
62 56 100000.00
62 57 100000.00
62 58 109.00
62 59 100000.00
62 60 110.00
62 61 102.00
62 63 104.00
63 0 100000.00
63 1 100000.00
63 2 100000.00
63 3 100000.00
63 4 100000.00
63 5 100000.00
63 6 100000.00
63 7 100000.00
63 8 100000.00
63 9 100000.00
63 10 100000.00
63 11 100000.00
63 12 100000.00
63 13 100000.00
63 14 100000.00
63 15 206.00
63 16 100000.00
63 17 100000.00
63 18 100000.00
63 19 100000.00
63 20 100000.00
63 21 100000.00
63 22 100000.00
63 23 100000.00
63 24 100000.00
63 25 100000.00
63 26 100000.00
63 27 100000.00
63 28 100000.00
63 29 100000.00
63 30 100000.00
63 31 106.00
63 32 100000.00
63 33 100000.00
63 34 100000.00
63 35 100000.00
63 36 100000.00
63 37 100000.00
63 38 100000.00
63 39 100000.00
63 40 100000.00
63 41 100000.00
63 42 100000.00
63 43 100000.00
63 44 100000.00
63 45 100000.00
63 46 100000.00
63 47 103.00
63 48 100000.00
63 49 100000.00
63 50 100000.00
63 51 101.00
63 52 100000.00
63 53 100000.00
63 54 100000.00
63 55 102.00
63 56 100000.00
63 57 100000.00
63 58 100000.00
63 59 101.00
63 60 109.00
63 61 102.00
63 62 104.00
;

set T := 0, 15, 19, 28, 54, 57;

param t0 := 0;

end;
